35.35,55.33
1,79.77,35.86,150.90,0
2,2.44,99.67,293.89,0
3,90.76,0.01,225.02,0
4,31.65,67.94,132.57,0
5,44.11,22.39,329.06,0
35.35,55.33
1,79.77,35.86,150.90,0
2,3.77,83.61,274.72,0
3,90.76,0.01,225.02,0
4,31.65,67.94,132.57,0
5,44.11,22.39,329.06,0
35.35,55.33
1,79.77,35.86,150.90,0
2,3.77,83.61,274.72,0
3,83.78,88.15,239.50,0
4,31.65,67.94,132.57,0
5,44.11,22.39,329.06,0
35.35,55.33
1,79.77,35.86,150.90,0
2,3.77,83.61,274.72,0
3,83.78,88.15,239.50,0
4,17.79,68.86,176.19,0
5,44.11,22.39,329.06,0
35.35,55.33
1,79.77,35.86,150.90,0
2,3.77,83.61,274.72,0
3,83.78,88.15,239.50,0
4,17.79,68.86,176.19,0
5,62.98,13.46,334.69,0
35.35,55.33
1,47.61,46.71,161.36,0
2,3.77,83.61,274.72,0
3,83.78,88.15,239.50,0
4,17.79,68.86,176.19,0
5,62.98,13.46,334.69,0
47.96,47.26
1,47.61,46.71,161.36,0
2,22.56,64.85,315.05,1
3,83.78,88.15,239.50,0
4,17.79,68.86,176.19,0
5,62.98,13.46,334.69,0
47.96,47.26
1,47.61,46.71,161.36,0
2,22.56,64.85,315.05,1
3,69.46,87.09,184.24,0
4,17.79,68.86,176.19,0
5,62.98,13.46,334.69,0
47.96,47.26
1,47.61,46.71,161.36,0
2,22.56,64.85,315.05,1
3,69.46,87.09,184.24,0
4,5.99,61.99,210.22,0
5,62.98,13.46,334.69,0
47.96,47.26
1,47.61,46.71,161.36,0
2,22.56,64.85,315.05,1
3,69.46,87.09,184.24,0
4,5.99,61.99,210.22,0
5,67.41,10.51,326.27,0
47.96,47.26
1,26.42,49.75,171.82,0
2,22.56,64.85,315.05,1
3,69.46,87.09,184.24,0
4,5.99,61.99,210.22,0
5,67.41,10.51,326.27,0
47.96,47.26
1,26.42,49.75,171.82,0
2,25.34,44.02,277.58,1
3,69.46,87.09,184.24,0
4,5.99,61.99,210.22,0
5,67.41,10.51,326.27,0
47.96,47.26
1,26.42,49.75,171.82,0
2,25.34,44.02,277.58,1
3,54.77,77.21,213.93,0
4,5.99,61.99,210.22,0
5,67.41,10.51,326.27,0
47.96,47.26
1,26.42,49.75,171.82,0
2,25.34,44.02,277.58,1
3,54.77,77.21,213.93,0
4,97.37,53.62,224.16,0
5,67.41,10.51,326.27,0
47.96,47.26
1,26.42,49.75,171.82,0
2,25.34,44.02,277.58,1
3,54.77,77.21,213.93,0
4,97.37,53.62,224.16,0
5,91.63,93.37,324.73,0
47.96,47.26
1,78.91,45.52,185.09,0
2,25.34,44.02,277.58,1
3,54.77,77.21,213.93,0
4,97.37,53.62,224.16,0
5,91.63,93.37,324.73,0
47.96,47.26
1,78.91,45.52,185.09,0
2,59.71,9.75,315.08,1
3,54.77,77.21,213.93,0
4,97.37,53.62,224.16,0
5,91.63,93.37,324.73,0
47.96,47.26
1,78.91,45.52,185.09,0
2,59.71,9.75,315.08,1
3,57.50,28.49,273.20,0
4,97.37,53.62,224.16,0
5,91.63,93.37,324.73,0
47.96,47.26
1,78.91,45.52,185.09,0
2,59.71,9.75,315.08,1
3,57.50,28.49,273.20,0
4,93.26,47.72,235.10,0
5,91.63,93.37,324.73,0
47.96,47.26
1,78.91,45.52,185.09,0
2,59.71,9.75,315.08,1
3,57.50,28.49,273.20,0
4,93.26,47.72,235.10,0
5,31.12,2.96,13.64,0
47.96,47.26
1,52.69,41.33,189.09,0
2,59.71,9.75,315.08,1
3,57.50,28.49,273.20,0
4,93.26,47.72,235.10,0
5,31.12,2.96,13.64,0
47.96,47.26
1,52.69,41.33,189.09,0
2,92.26,78.75,316.40,1
3,57.50,28.49,273.20,0
4,93.26,47.72,235.10,0
5,31.12,2.96,13.64,0
47.96,47.26
1,52.69,41.33,189.09,0
2,92.26,78.75,316.40,1
3,69.77,19.57,323.96,0
4,93.26,47.72,235.10,0
5,31.12,2.96,13.64,0
47.96,47.26
1,52.69,41.33,189.09,0
2,92.26,78.75,316.40,1
3,69.77,19.57,323.96,0
4,76.29,37.45,211.20,0
5,31.12,2.96,13.64,0
47.96,47.26
1,52.69,41.33,189.09,0
2,92.26,78.75,316.40,1
3,69.77,19.57,323.96,0
4,76.29,37.45,211.20,0
5,40.46,25.80,67.75,0
47.96,47.26
1,18.59,26.76,203.13,0
2,92.26,78.75,316.40,1
3,69.77,19.57,323.96,0
4,76.29,37.45,211.20,0
5,40.46,25.80,67.75,0
47.96,47.26
1,18.59,26.76,203.13,0
2,97.12,29.25,275.60,1
3,69.77,19.57,323.96,0
4,76.29,37.45,211.20,0
5,40.46,25.80,67.75,0
47.96,47.26
1,18.59,26.76,203.13,0
2,97.12,29.25,275.60,1
3,68.69,8.40,264.49,0
4,76.29,37.45,211.20,0
5,40.46,25.80,67.75,0
47.96,47.26
1,18.59,26.76,203.13,0
2,97.12,29.25,275.60,1
3,68.69,8.40,264.49,0
4,50.66,9.92,227.04,0
5,40.46,25.80,67.75,0
47.96,47.26
1,18.59,26.76,203.13,0
2,97.12,29.25,275.60,1
3,68.69,8.40,264.49,0
4,50.66,9.92,227.04,0
5,43.70,28.60,40.90,0
47.96,47.26
1,9.83,16.09,230.60,0
2,97.12,29.25,275.60,1
3,68.69,8.40,264.49,0
4,50.66,9.92,227.04,0
5,43.70,28.60,40.90,0
47.96,47.26
1,9.83,16.09,230.60,0
2,99.89,95.22,274.65,1
3,68.69,8.40,264.49,0
4,50.66,9.92,227.04,0
5,43.70,28.60,40.90,0
47.96,47.26
1,9.83,16.09,230.60,0
2,99.89,95.22,274.65,1
3,36.85,75.50,225.94,0
4,50.66,9.92,227.04,0
5,43.70,28.60,40.90,0
47.96,47.26
1,9.83,16.09,230.60,0
2,99.89,95.22,274.65,1
3,36.85,75.50,225.94,0
4,17.06,80.82,220.89,0
5,43.70,28.60,40.90,0
47.96,47.26
1,9.83,16.09,230.60,0
2,99.89,95.22,274.65,1
3,36.85,75.50,225.94,0
4,17.06,80.82,220.89,0
5,44.98,34.85,78.45,0
47.96,47.26
1,9.03,15.27,225.76,0
2,99.89,95.22,274.65,1
3,36.85,75.50,225.94,0
4,17.06,80.82,220.89,0
5,44.98,34.85,78.45,0
47.96,47.26
1,9.03,15.27,225.76,0
2,1.61,92.13,299.13,1
3,36.85,75.50,225.94,0
4,17.06,80.82,220.89,0
5,44.98,34.85,78.45,0
47.96,47.26
1,9.03,15.27,225.76,0
2,1.61,92.13,299.13,1
3,36.18,75.56,175.43,0
4,17.06,80.82,220.89,0
5,44.98,34.85,78.45,0
47.96,47.26
1,9.03,15.27,225.76,0
2,1.61,92.13,299.13,1
3,36.18,75.56,175.43,0
4,90.75,56.56,222.68,0
5,44.98,34.85,78.45,0
47.96,47.26
1,9.03,15.27,225.76,0
2,1.61,92.13,299.13,1
3,36.18,75.56,175.43,0
4,90.75,56.56,222.68,0
5,67.11,74.00,60.53,0
47.96,47.26
1,91.69,86.44,238.97,0
2,1.61,92.13,299.13,1
3,36.18,75.56,175.43,0
4,90.75,56.56,222.68,0
5,67.11,74.00,60.53,0
47.96,47.26
1,91.69,86.44,238.97,0
2,1.88,91.70,302.76,1
3,36.18,75.56,175.43,0
4,90.75,56.56,222.68,0
5,67.11,74.00,60.53,0
47.96,47.26
1,91.69,86.44,238.97,0
2,1.88,91.70,302.76,1
3,11.59,67.04,199.10,0
4,90.75,56.56,222.68,0
5,67.11,74.00,60.53,0
47.96,47.26
1,91.69,86.44,238.97,0
2,1.88,91.70,302.76,1
3,11.59,67.04,199.10,0
4,86.68,31.82,260.64,0
5,67.11,74.00,60.53,0
47.96,47.26
1,91.69,86.44,238.97,0
2,1.88,91.70,302.76,1
3,11.59,67.04,199.10,0
4,86.68,31.82,260.64,0
5,6.24,80.92,10.03,0
47.96,47.26
1,92.49,64.22,272.06,0
2,1.88,91.70,302.76,1
3,11.59,67.04,199.10,0
4,86.68,31.82,260.64,0
5,6.24,80.92,10.03,0
47.96,47.26
1,92.49,64.22,272.06,0
2,11.30,80.59,310.30,1
3,11.59,67.04,199.10,0
4,86.68,31.82,260.64,0
5,6.24,80.92,10.03,0
47.96,47.26
1,92.49,64.22,272.06,0
2,11.30,80.59,310.30,1
3,86.97,62.99,189.35,0
4,86.68,31.82,260.64,0
5,6.24,80.92,10.03,0
47.96,47.26
1,92.49,64.22,272.06,0
2,11.30,80.59,310.30,1
3,86.97,62.99,189.35,0
4,89.37,92.00,273.87,0
5,6.24,80.92,10.03,0
47.96,47.26
1,92.49,64.22,272.06,0
2,11.30,80.59,310.30,1
3,86.97,62.99,189.35,0
4,89.37,92.00,273.87,0
5,17.90,74.93,332.82,0
47.96,47.26
1,66.31,31.21,231.58,0
2,11.30,80.59,310.30,1
3,86.97,62.99,189.35,0
4,89.37,92.00,273.87,0
5,17.90,74.93,332.82,0
47.96,47.26
1,66.31,31.21,231.58,0
2,14.98,76.12,309.39,1
3,86.97,62.99,189.35,0
4,89.37,92.00,273.87,0
5,17.90,74.93,332.82,0
47.96,47.26
1,66.31,31.21,231.58,0
2,14.98,76.12,309.39,1
3,80.34,52.03,238.84,0
4,89.37,92.00,273.87,0
5,17.90,74.93,332.82,0
47.96,47.26
1,66.31,31.21,231.58,0
2,14.98,76.12,309.39,1
3,80.34,52.03,238.84,0
4,82.89,52.64,260.66,0
5,17.90,74.93,332.82,0
47.96,47.26
1,66.31,31.21,231.58,0
2,14.98,76.12,309.39,1
3,80.34,52.03,238.84,0
4,82.89,52.64,260.66,0
5,35.94,50.92,306.91,0
47.96,47.26
1,43.99,6.47,227.95,0
2,14.98,76.12,309.39,1
3,80.34,52.03,238.84,0
4,82.89,52.64,260.66,0
5,35.94,50.92,306.91,0
47.96,47.26
1,43.99,6.47,227.95,0
2,19.22,33.96,275.74,1
3,80.34,52.03,238.84,0
4,82.89,52.64,260.66,0
5,35.94,50.92,306.91,0
47.96,47.26
1,43.99,6.47,227.95,0
2,19.22,33.96,275.74,1
3,80.43,51.42,277.79,0
4,82.89,52.64,260.66,0
5,35.94,50.92,306.91,0
47.96,47.26
1,43.99,6.47,227.95,0
2,19.22,33.96,275.74,1
3,80.43,51.42,277.79,0
4,71.61,47.11,206.10,0
5,35.94,50.92,306.91,0
47.96,47.26
1,43.99,6.47,227.95,0
2,19.22,33.96,275.74,1
3,80.43,51.42,277.79,0
4,71.61,47.11,206.10,0
5,31.59,28.04,259.23,0
47.96,47.26
1,45.82,69.56,272.84,0
2,19.22,33.96,275.74,1
3,80.43,51.42,277.79,0
4,71.61,47.11,206.10,0
5,31.59,28.04,259.23,0
47.96,47.26
1,45.82,69.56,272.84,0
2,16.29,30.81,227.09,1
3,80.43,51.42,277.79,0
4,71.61,47.11,206.10,0
5,31.59,28.04,259.23,0
47.96,47.26
1,45.82,69.56,272.84,0
2,16.29,30.81,227.09,1
3,65.27,11.96,248.99,0
4,71.61,47.11,206.10,0
5,31.59,28.04,259.23,0
47.96,47.26
1,45.82,69.56,272.84,0
2,16.29,30.81,227.09,1
3,65.27,11.96,248.99,0
4,45.69,26.08,219.05,0
5,31.59,28.04,259.23,0
47.96,47.26
1,45.82,69.56,272.84,0
2,16.29,30.81,227.09,1
3,65.27,11.96,248.99,0
4,45.69,26.08,219.05,0
5,37.17,88.97,278.13,0
47.96,47.26
1,67.46,54.50,325.16,0
2,16.29,30.81,227.09,1
3,65.27,11.96,248.99,0
4,45.69,26.08,219.05,0
5,37.17,88.97,278.13,0
47.96,47.26
1,67.46,54.50,325.16,0
2,16.33,83.77,270.04,1
3,65.27,11.96,248.99,0
4,45.69,26.08,219.05,0
5,37.17,88.97,278.13,0
47.96,47.26
1,67.46,54.50,325.16,0
2,16.33,83.77,270.04,1
3,51.22,87.41,240.21,0
4,45.69,26.08,219.05,0
5,37.17,88.97,278.13,0
47.96,47.26
1,67.46,54.50,325.16,0
2,16.33,83.77,270.04,1
3,51.22,87.41,240.21,0
4,24.30,32.23,163.96,0
5,37.17,88.97,278.13,0
47.96,47.26
1,67.46,54.50,325.16,0
2,16.33,83.77,270.04,1
3,51.22,87.41,240.21,0
4,24.30,32.23,163.96,0
5,10.08,47.29,236.98,0
47.96,47.26
1,77.78,53.10,352.28,0
2,16.33,83.77,270.04,1
3,51.22,87.41,240.21,0
4,24.30,32.23,163.96,0
5,10.08,47.29,236.98,0
47.96,47.26
1,77.78,53.10,352.28,0
2,16.21,67.20,269.59,1
3,51.22,87.41,240.21,0
4,24.30,32.23,163.96,0
5,10.08,47.29,236.98,0
47.96,47.26
1,77.78,53.10,352.28,0
2,16.21,67.20,269.59,1
3,6.45,67.87,203.58,0
4,24.30,32.23,163.96,0
5,10.08,47.29,236.98,0
47.96,47.26
1,77.78,53.10,352.28,0
2,16.21,67.20,269.59,1
3,6.45,67.87,203.58,0
4,21.61,34.23,143.36,0
5,10.08,47.29,236.98,0
47.96,47.26
1,77.78,53.10,352.28,0
2,16.21,67.20,269.59,1
3,6.45,67.87,203.58,0
4,21.61,34.23,143.36,0
5,99.87,39.27,218.13,0
47.96,47.26
1,94.31,67.66,41.38,0
2,16.21,67.20,269.59,1
3,6.45,67.87,203.58,0
4,21.61,34.23,143.36,0
5,99.87,39.27,218.13,0
47.96,47.26
1,94.31,67.66,41.38,0
2,27.02,57.81,319.01,1
3,6.45,67.87,203.58,0
4,21.61,34.23,143.36,0
5,99.87,39.27,218.13,0
47.96,47.26
1,94.31,67.66,41.38,0
2,27.02,57.81,319.01,1
3,0.23,42.46,256.26,0
4,21.61,34.23,143.36,0
5,99.87,39.27,218.13,0
47.96,47.26
1,94.31,67.66,41.38,0
2,27.02,57.81,319.01,1
3,0.23,42.46,256.26,0
4,21.04,34.86,132.17,0
5,99.87,39.27,218.13,0
47.96,47.26
1,94.31,67.66,41.38,0
2,27.02,57.81,319.01,1
3,0.23,42.46,256.26,0
4,21.04,34.86,132.17,0
5,80.91,11.29,235.89,0
47.96,47.26
1,10.65,69.64,6.93,0
2,27.02,57.81,319.01,1
3,0.23,42.46,256.26,0
4,21.04,34.86,132.17,0
5,80.91,11.29,235.89,0
47.96,47.26
1,10.65,69.64,6.93,0
2,30.42,42.06,282.20,1
3,0.23,42.46,256.26,0
4,21.04,34.86,132.17,0
5,80.91,11.29,235.89,0
47.96,47.26
1,10.65,69.64,6.93,0
2,30.42,42.06,282.20,1
3,98.68,34.06,259.49,0
4,21.04,34.86,132.17,0
5,80.91,11.29,235.89,0
47.96,47.26
1,10.65,69.64,6.93,0
2,30.42,42.06,282.20,1
3,98.68,34.06,259.49,0
4,90.05,41.18,168.47,0
5,80.91,11.29,235.89,0
47.96,47.26
1,10.65,69.64,6.93,0
2,30.42,42.06,282.20,1
3,98.68,34.06,259.49,0
4,90.05,41.18,168.47,0
5,80.81,11.05,247.43,0
47.96,47.26
1,13.82,67.81,329.99,0
2,30.42,42.06,282.20,1
3,98.68,34.06,259.49,0
4,90.05,41.18,168.47,0
5,80.81,11.05,247.43,0
47.96,47.26
1,13.82,67.81,329.99,0
2,17.04,10.68,246.91,1
3,98.68,34.06,259.49,0
4,90.05,41.18,168.47,0
5,80.81,11.05,247.43,0
47.96,47.26
1,13.82,67.81,329.99,0
2,17.04,10.68,246.91,1
3,98.58,18.67,269.63,0
4,90.05,41.18,168.47,0
5,80.81,11.05,247.43,0
47.96,47.26
1,13.82,67.81,329.99,0
2,17.04,10.68,246.91,1
3,98.58,18.67,269.63,0
4,75.28,44.35,167.90,0
5,80.81,11.05,247.43,0
47.96,47.26
1,13.82,67.81,329.99,0
2,17.04,10.68,246.91,1
3,98.58,18.67,269.63,0
4,75.28,44.35,167.90,0
5,73.75,5.85,216.38,0
47.96,47.26
1,20.39,70.22,20.21,0
2,17.04,10.68,246.91,1
3,98.58,18.67,269.63,0
4,75.28,44.35,167.90,0
5,73.75,5.85,216.38,0
47.96,47.26
1,20.39,70.22,20.21,0
2,92.27,90.01,219.84,1
3,98.58,18.67,269.63,0
4,75.28,44.35,167.90,0
5,73.75,5.85,216.38,0
47.96,47.26
1,20.39,70.22,20.21,0
2,92.27,90.01,219.84,1
3,71.83,96.30,219.91,0
4,75.28,44.35,167.90,0
5,73.75,5.85,216.38,0
47.96,47.26
1,20.39,70.22,20.21,0
2,92.27,90.01,219.84,1
3,71.83,96.30,219.91,0
4,61.47,34.44,215.66,0
5,73.75,5.85,216.38,0
47.96,47.26
1,20.39,70.22,20.21,0
2,92.27,90.01,219.84,1
3,71.83,96.30,219.91,0
4,61.47,34.44,215.66,0
5,54.35,80.49,232.58,0
47.96,47.26
1,58.07,88.03,25.30,0
2,92.27,90.01,219.84,1
3,71.83,96.30,219.91,0
4,61.47,34.44,215.66,0
5,54.35,80.49,232.58,0
47.96,47.26
1,58.07,88.03,25.30,0
2,53.74,79.27,195.58,1
3,71.83,96.30,219.91,0
4,61.47,34.44,215.66,0
5,54.35,80.49,232.58,0
47.96,47.26
1,58.07,88.03,25.30,0
2,53.74,79.27,195.58,1
3,54.58,90.88,197.46,0
4,61.47,34.44,215.66,0
5,54.35,80.49,232.58,0
47.96,47.26
1,58.07,88.03,25.30,0
2,53.74,79.27,195.58,1
3,54.58,90.88,197.46,0
4,51.00,13.70,243.22,0
5,54.35,80.49,232.58,0
47.96,47.26
1,58.07,88.03,25.30,0
2,53.74,79.27,195.58,1
3,54.58,90.88,197.46,0
4,51.00,13.70,243.22,0
5,51.06,65.04,257.96,0
47.96,47.26
1,91.92,66.37,327.39,0
2,53.74,79.27,195.58,1
3,54.58,90.88,197.46,0
4,51.00,13.70,243.22,0
5,51.06,65.04,257.96,0
47.96,47.26
1,91.92,66.37,327.39,0
2,44.52,82.85,158.72,1
3,54.58,90.88,197.46,0
4,51.00,13.70,243.22,0
5,51.06,65.04,257.96,0
47.96,47.26
1,91.92,66.37,327.39,0
2,44.52,82.85,158.72,1
3,34.98,97.67,160.89,0
4,51.00,13.70,243.22,0
5,51.06,65.04,257.96,0
47.96,47.26
1,91.92,66.37,327.39,0
2,44.52,82.85,158.72,1
3,34.98,97.67,160.89,0
4,16.71,80.77,223.84,0
5,51.06,65.04,257.96,0
47.96,47.26
1,91.92,66.37,327.39,0
2,44.52,82.85,158.72,1
3,34.98,97.67,160.89,0
4,16.71,80.77,223.84,0
5,28.83,44.02,223.41,0
47.96,47.26
1,21.60,68.17,3.47,0
2,44.52,82.85,158.72,1
3,34.98,97.67,160.89,0
4,16.71,80.77,223.84,0
5,28.83,44.02,223.41,0
47.96,47.26
1,21.60,68.17,3.47,0
2,40.86,83.69,167.14,1
3,34.98,97.67,160.89,0
4,16.71,80.77,223.84,0
5,28.83,44.02,223.41,0
47.96,47.26
1,21.60,68.17,3.47,0
2,40.86,83.69,167.14,1
3,12.47,18.64,137.01,0
4,16.71,80.77,223.84,0
5,28.83,44.02,223.41,0
47.96,47.26
1,21.60,68.17,3.47,0
2,40.86,83.69,167.14,1
3,12.47,18.64,137.01,0
4,92.47,63.63,215.27,0
5,28.83,44.02,223.41,0
3.35,39.02
1,21.60,68.17,3.47,0
2,40.86,83.69,167.14,1
3,12.47,18.64,137.01,0
4,92.47,63.63,215.27,0
5,22.60,34.96,235.50,1
3.35,39.02
1,31.38,66.55,350.57,0
2,40.86,83.69,167.14,1
3,12.47,18.64,137.01,0
4,92.47,63.63,215.27,0
5,22.60,34.96,235.50,1
3.35,39.02
1,31.38,66.55,350.57,0
2,1.04,97.84,160.44,1
3,12.47,18.64,137.01,0
4,92.47,63.63,215.27,0
5,22.60,34.96,235.50,1
3.35,39.02
1,31.38,66.55,350.57,0
2,1.04,97.84,160.44,1
3,79.01,20.84,176.25,0
4,92.47,63.63,215.27,0
5,22.60,34.96,235.50,1
3.35,39.02
1,31.38,66.55,350.57,0
2,1.04,97.84,160.44,1
3,79.01,20.84,176.25,0
4,87.15,40.24,257.20,0
5,22.60,34.96,235.50,1
3.35,39.02
1,31.38,66.55,350.57,0
2,1.04,97.84,160.44,1
3,79.01,20.84,176.25,0
4,87.15,40.24,257.20,0
5,6.32,10.88,235.94,1
3.35,39.02
1,70.33,75.54,13.01,0
2,1.04,97.84,160.44,1
3,79.01,20.84,176.25,0
4,87.15,40.24,257.20,0
5,6.32,10.88,235.94,1
3.35,39.02
1,70.33,75.54,13.01,0
2,85.99,95.01,190.65,1
3,79.01,20.84,176.25,0
4,87.15,40.24,257.20,0
5,6.32,10.88,235.94,1
3.35,39.02
1,70.33,75.54,13.01,0
2,85.99,95.01,190.65,1
3,31.53,21.51,179.18,0
4,87.15,40.24,257.20,0
5,6.32,10.88,235.94,1
3.35,39.02
1,70.33,75.54,13.01,0
2,85.99,95.01,190.65,1
3,31.53,21.51,179.18,0
4,68.68,0.49,245.07,0
5,6.32,10.88,235.94,1
3.35,39.02
1,70.33,75.54,13.01,0
2,85.99,95.01,190.65,1
3,31.53,21.51,179.18,0
4,68.68,0.49,245.07,0
5,1.02,4.54,230.08,1
3.35,39.02
1,94.96,18.68,60.28,0
2,85.99,95.01,190.65,1
3,31.53,21.51,179.18,0
4,68.68,0.49,245.07,0
5,1.02,4.54,230.08,1
3.35,39.02
1,94.96,18.68,60.28,0
2,69.18,13.96,131.59,1
3,31.53,21.51,179.18,0
4,68.68,0.49,245.07,0
5,1.02,4.54,230.08,1
3.35,39.02
1,94.96,18.68,60.28,0
2,69.18,13.96,131.59,1
3,25.99,19.42,200.70,0
4,68.68,0.49,245.07,0
5,1.02,4.54,230.08,1
3.35,39.02
1,94.96,18.68,60.28,0
2,69.18,13.96,131.59,1
3,25.99,19.42,200.70,0
4,73.31,81.80,283.93,0
5,1.02,4.54,230.08,1
3.35,39.02
1,94.96,18.68,60.28,0
2,69.18,13.96,131.59,1
3,25.99,19.42,200.70,0
4,73.31,81.80,283.93,0
5,72.61,88.05,210.14,1
3.35,39.02
1,19.33,27.62,20.15,0
2,69.18,13.96,131.59,1
3,25.99,19.42,200.70,0
4,73.31,81.80,283.93,0
5,72.61,88.05,210.14,1
3.35,39.02
1,19.33,27.62,20.15,0
2,60.42,16.76,162.24,1
3,25.99,19.42,200.70,0
4,73.31,81.80,283.93,0
5,72.61,88.05,210.14,1
3.35,39.02
1,19.33,27.62,20.15,0
2,60.42,16.76,162.24,1
3,17.80,97.43,249.58,0
4,73.31,81.80,283.93,0
5,72.61,88.05,210.14,1
3.35,39.02
1,19.33,27.62,20.15,0
2,60.42,16.76,162.24,1
3,17.80,97.43,249.58,0
4,73.34,81.63,281.51,0
5,72.61,88.05,210.14,1
3.35,39.02
1,19.33,27.62,20.15,0
2,60.42,16.76,162.24,1
3,17.80,97.43,249.58,0
4,73.34,81.63,281.51,0
5,70.83,83.62,247.99,1
3.35,39.02
1,19.85,28.15,45.33,0
2,60.42,16.76,162.24,1
3,17.80,97.43,249.58,0
4,73.34,81.63,281.51,0
5,70.83,83.62,247.99,1
3.35,39.02
1,19.85,28.15,45.33,0
2,53.83,16.47,182.56,1
3,17.80,97.43,249.58,0
4,73.34,81.63,281.51,0
5,70.83,83.62,247.99,1
3.35,39.02
1,19.85,28.15,45.33,0
2,53.83,16.47,182.56,1
3,18.19,96.34,289.38,0
4,73.34,81.63,281.51,0
5,70.83,83.62,247.99,1
3.35,39.02
1,19.85,28.15,45.33,0
2,53.83,16.47,182.56,1
3,18.19,96.34,289.38,0
4,80.49,73.00,309.64,0
5,70.83,83.62,247.99,1
3.35,39.02
1,19.85,28.15,45.33,0
2,53.83,16.47,182.56,1
3,18.19,96.34,289.38,0
4,80.49,73.00,309.64,0
5,36.71,47.84,226.36,1
3.35,39.02
1,23.55,32.57,50.05,0
2,53.83,16.47,182.56,1
3,18.19,96.34,289.38,0
4,80.49,73.00,309.64,0
5,36.71,47.84,226.36,1
3.35,39.02
1,23.55,32.57,50.05,0
2,52.70,15.92,205.87,1
3,18.19,96.34,289.38,0
4,80.49,73.00,309.64,0
5,36.71,47.84,226.36,1
3.35,39.02
1,23.55,32.57,50.05,0
2,52.70,15.92,205.87,1
3,15.70,76.96,262.68,0
4,80.49,73.00,309.64,0
5,36.71,47.84,226.36,1
3.35,39.02
1,23.55,32.57,50.05,0
2,52.70,15.92,205.87,1
3,15.70,76.96,262.68,0
4,82.31,58.54,277.16,0
5,36.71,47.84,226.36,1
3.35,39.02
1,23.55,32.57,50.05,0
2,52.70,15.92,205.87,1
3,15.70,76.96,262.68,0
4,82.31,58.54,277.16,0
5,99.25,35.76,197.88,1
3.35,39.02
1,38.30,75.26,70.95,0
2,52.70,15.92,205.87,1
3,15.70,76.96,262.68,0
4,82.31,58.54,277.16,0
5,99.25,35.76,197.88,1
3.35,39.02
1,38.30,75.26,70.95,0
2,8.55,39.31,152.09,1
3,15.70,76.96,262.68,0
4,82.31,58.54,277.16,0
5,99.25,35.76,197.88,1
3.35,39.02
1,38.30,75.26,70.95,0
2,8.55,39.31,152.09,1
3,17.37,72.97,292.75,0
4,82.31,58.54,277.16,0
5,99.25,35.76,197.88,1
3.35,39.02
1,38.30,75.26,70.95,0
2,8.55,39.31,152.09,1
3,17.37,72.97,292.75,0
4,78.59,38.91,259.27,0
5,99.25,35.76,197.88,1
3.35,39.02
1,38.30,75.26,70.95,0
2,8.55,39.31,152.09,1
3,17.37,72.97,292.75,0
4,78.59,38.91,259.27,0
5,96.46,31.07,239.23,1
3.35,39.02
1,13.89,4.02,130.32,0
2,8.55,39.31,152.09,1
3,17.37,72.97,292.75,0
4,78.59,38.91,259.27,0
5,96.46,31.07,239.23,1
3.35,39.02
1,13.89,4.02,130.32,0
2,3.92,44.27,132.99,1
3,17.37,72.97,292.75,0
4,78.59,38.91,259.27,0
5,96.46,31.07,239.23,1
3.35,39.02
1,13.89,4.02,130.32,0
2,3.92,44.27,132.99,1
3,60.97,64.21,348.65,0
4,78.59,38.91,259.27,0
5,96.46,31.07,239.23,1
3.35,39.02
1,13.89,4.02,130.32,0
2,3.92,44.27,132.99,1
3,60.97,64.21,348.65,0
4,63.42,18.70,233.10,0
5,96.46,31.07,239.23,1
3.35,39.02
1,13.89,4.02,130.32,0
2,3.92,44.27,132.99,1
3,60.97,64.21,348.65,0
4,63.42,18.70,233.10,0
5,95.70,10.76,267.88,1
3.35,39.02
1,96.93,4.81,177.36,0
2,3.92,44.27,132.99,1
3,60.97,64.21,348.65,0
4,63.42,18.70,233.10,0
5,95.70,10.76,267.88,1
3.35,39.02
1,96.93,4.81,177.36,0
2,85.90,81.62,115.76,1
3,60.97,64.21,348.65,0
4,63.42,18.70,233.10,0
5,95.70,10.76,267.88,1
3.35,39.02
1,96.93,4.81,177.36,0
2,85.90,81.62,115.76,1
3,83.30,72.87,21.20,0
4,63.42,18.70,233.10,0
5,95.70,10.76,267.88,1
3.35,39.02
1,96.93,4.81,177.36,0
2,85.90,81.62,115.76,1
3,83.30,72.87,21.20,0
4,49.95,6.53,222.09,0
5,95.70,10.76,267.88,1
3.35,39.02
1,96.93,4.81,177.36,0
2,85.90,81.62,115.76,1
3,83.30,72.87,21.20,0
4,49.95,6.53,222.09,0
5,0.68,1.83,299.14,1
3.35,39.02
1,86.16,9.19,157.85,0
2,85.90,81.62,115.76,1
3,83.30,72.87,21.20,0
4,49.95,6.53,222.09,0
5,0.68,1.83,299.14,1
3.35,39.02
1,86.16,9.19,157.85,0
2,71.15,89.70,151.28,1
3,83.30,72.87,21.20,0
4,49.95,6.53,222.09,0
5,0.68,1.83,299.14,1
3.35,39.02
1,86.16,9.19,157.85,0
2,71.15,89.70,151.28,1
3,96.92,1.15,64.28,0
4,49.95,6.53,222.09,0
5,0.68,1.83,299.14,1
3.35,39.02
1,86.16,9.19,157.85,0
2,71.15,89.70,151.28,1
3,96.92,1.15,64.28,0
4,40.83,8.09,170.31,0
5,0.68,1.83,299.14,1
3.35,39.02
1,86.16,9.19,157.85,0
2,71.15,89.70,151.28,1
3,96.92,1.15,64.28,0
4,40.83,8.09,170.31,0
5,1.46,1.29,325.43,1
3.35,39.02
1,51.85,2.92,190.35,0
2,71.15,89.70,151.28,1
3,96.92,1.15,64.28,0
4,40.83,8.09,170.31,0
5,1.46,1.29,325.43,1
3.35,39.02
1,51.85,2.92,190.35,0
2,24.17,98.78,169.05,1
3,96.92,1.15,64.28,0
4,40.83,8.09,170.31,0
5,1.46,1.29,325.43,1
3.35,39.02
1,51.85,2.92,190.35,0
2,24.17,98.78,169.05,1
3,93.69,6.50,121.14,0
4,40.83,8.09,170.31,0
5,1.46,1.29,325.43,1
62.40,37.19
1,51.85,2.92,190.35,0
2,24.17,98.78,169.05,1
3,93.69,6.50,121.14,0
4,9.91,19.05,160.48,1
5,1.46,1.29,325.43,1
62.40,37.19
1,51.85,2.92,190.35,0
2,24.17,98.78,169.05,1
3,93.69,6.50,121.14,0
4,9.91,19.05,160.48,1
5,47.93,10.59,11.32,1
62.40,37.19
1,39.79,11.29,145.24,0
2,24.17,98.78,169.05,1
3,93.69,6.50,121.14,0
4,9.91,19.05,160.48,1
5,47.93,10.59,11.32,1
62.40,37.19
1,39.79,11.29,145.24,0
2,90.82,30.32,136.59,1
3,93.69,6.50,121.14,0
4,9.91,19.05,160.48,1
5,47.93,10.59,11.32,1
62.40,37.19
1,39.79,11.29,145.24,0
2,90.82,30.32,136.59,1
3,69.18,40.29,125.96,0
4,9.91,19.05,160.48,1
5,47.93,10.59,11.32,1
62.40,37.19
1,39.79,11.29,145.24,0
2,90.82,30.32,136.59,1
3,69.18,40.29,125.96,0
4,4.68,16.31,207.66,1
5,47.93,10.59,11.32,1
62.40,37.19
1,39.79,11.29,145.24,0
2,90.82,30.32,136.59,1
3,69.18,40.29,125.96,0
4,4.68,16.31,207.66,1
5,86.62,11.44,1.25,1
62.40,37.19
1,38.97,12.37,127.14,0
2,90.82,30.32,136.59,1
3,69.18,40.29,125.96,0
4,4.68,16.31,207.66,1
5,86.62,11.44,1.25,1
62.40,37.19
1,38.97,12.37,127.14,0
2,64.53,34.86,170.21,1
3,69.18,40.29,125.96,0
4,4.68,16.31,207.66,1
5,86.62,11.44,1.25,1
62.40,37.19
1,38.97,12.37,127.14,0
2,64.53,34.86,170.21,1
3,68.55,41.95,110.92,0
4,4.68,16.31,207.66,1
5,86.62,11.44,1.25,1
48.23,69.19
1,38.97,12.37,127.14,0
2,64.53,34.86,170.21,1
3,68.55,41.95,110.92,0
4,66.67,30.17,159.96,2
5,86.62,11.44,1.25,1
48.23,69.19
1,38.97,12.37,127.14,0
2,64.53,34.86,170.21,1
3,68.55,41.95,110.92,0
4,66.67,30.17,159.96,2
5,29.81,33.44,27.01,1
48.23,69.19
1,35.59,25.81,104.13,0
2,64.53,34.86,170.21,1
3,68.55,41.95,110.92,0
4,66.67,30.17,159.96,2
5,29.81,33.44,27.01,1
48.23,69.19
1,35.59,25.81,104.13,0
2,48.18,29.19,199.12,1
3,68.55,41.95,110.92,0
4,66.67,30.17,159.96,2
5,29.81,33.44,27.01,1
48.23,69.19
1,35.59,25.81,104.13,0
2,48.18,29.19,199.12,1
3,84.94,78.18,65.65,0
4,66.67,30.17,159.96,2
5,29.81,33.44,27.01,1
48.23,69.19
1,35.59,25.81,104.13,0
2,48.18,29.19,199.12,1
3,84.94,78.18,65.65,0
4,31.07,55.85,144.20,2
5,29.81,33.44,27.01,1
48.23,69.19
1,35.59,25.81,104.13,0
2,48.18,29.19,199.12,1
3,84.94,78.18,65.65,0
4,31.07,55.85,144.20,2
5,32.08,33.25,355.09,1
48.23,69.19
1,47.45,49.18,63.09,0
2,48.18,29.19,199.12,1
3,84.94,78.18,65.65,0
4,31.07,55.85,144.20,2
5,32.08,33.25,355.09,1
48.23,69.19
1,47.45,49.18,63.09,0
2,12.71,20.88,193.19,1
3,84.94,78.18,65.65,0
4,31.07,55.85,144.20,2
5,32.08,33.25,355.09,1
48.23,69.19
1,47.45,49.18,63.09,0
2,12.71,20.88,193.19,1
3,82.74,83.21,113.69,0
4,31.07,55.85,144.20,2
5,32.08,33.25,355.09,1
48.23,69.19
1,47.45,49.18,63.09,0
2,12.71,20.88,193.19,1
3,82.74,83.21,113.69,0
4,19.23,70.25,129.42,2
5,32.08,33.25,355.09,1
48.23,69.19
1,47.45,49.18,63.09,0
2,12.71,20.88,193.19,1
3,82.74,83.21,113.69,0
4,19.23,70.25,129.42,2
5,80.27,32.92,359.61,1
48.23,69.19
1,48.80,60.22,83.00,0
2,12.71,20.88,193.19,1
3,82.74,83.21,113.69,0
4,19.23,70.25,129.42,2
5,80.27,32.92,359.61,1
48.23,69.19
1,48.80,60.22,83.00,0
2,96.54,90.47,242.00,1
3,82.74,83.21,113.69,0
4,19.23,70.25,129.42,2
5,80.27,32.92,359.61,1
48.23,69.19
1,48.80,60.22,83.00,0
2,96.54,90.47,242.00,1
3,83.90,87.89,76.08,0
4,19.23,70.25,129.42,2
5,80.27,32.92,359.61,1
48.23,69.19
1,48.80,60.22,83.00,0
2,96.54,90.47,242.00,1
3,83.90,87.89,76.08,0
4,83.20,65.08,188.16,2
5,80.27,32.92,359.61,1
48.23,69.19
1,48.80,60.22,83.00,0
2,96.54,90.47,242.00,1
3,83.90,87.89,76.08,0
4,83.20,65.08,188.16,2
5,92.18,42.95,40.08,1
48.23,69.19
1,62.05,73.67,45.43,0
2,96.54,90.47,242.00,1
3,83.90,87.89,76.08,0
4,83.20,65.08,188.16,2
5,92.18,42.95,40.08,1
48.23,69.19
1,62.05,73.67,45.43,0
2,53.43,74.31,200.54,1
3,83.90,87.89,76.08,0
4,83.20,65.08,188.16,2
5,92.18,42.95,40.08,1
48.23,69.19
1,62.05,73.67,45.43,0
2,53.43,74.31,200.54,1
3,83.68,89.76,96.47,0
4,83.20,65.08,188.16,2
5,92.18,42.95,40.08,1
48.23,69.19
1,62.05,73.67,45.43,0
2,53.43,74.31,200.54,1
3,83.68,89.76,96.47,0
4,73.90,50.13,238.10,2
5,92.18,42.95,40.08,1
48.23,69.19
1,62.05,73.67,45.43,0
2,53.43,74.31,200.54,1
3,83.68,89.76,96.47,0
4,73.90,50.13,238.10,2
5,15.04,54.86,27.52,1
48.23,69.19
1,79.86,74.89,3.91,0
2,53.43,74.31,200.54,1
3,83.68,89.76,96.47,0
4,73.90,50.13,238.10,2
5,15.04,54.86,27.52,1
48.23,69.19
1,79.86,74.89,3.91,0
2,14.16,4.52,142.43,1
3,83.68,89.76,96.47,0
4,73.90,50.13,238.10,2
5,15.04,54.86,27.52,1
48.23,69.19
1,79.86,74.89,3.91,0
2,14.16,4.52,142.43,1
3,83.58,21.78,90.18,0
4,73.90,50.13,238.10,2
5,15.04,54.86,27.52,1
48.23,69.19
1,79.86,74.89,3.91,0
2,14.16,4.52,142.43,1
3,83.58,21.78,90.18,0
4,86.12,12.44,287.98,2
5,15.04,54.86,27.52,1
48.23,69.19
1,79.86,74.89,3.91,0
2,14.16,4.52,142.43,1
3,83.58,21.78,90.18,0
4,86.12,12.44,287.98,2
5,21.59,75.24,72.20,1
48.23,69.19
1,83.23,75.81,15.24,0
2,14.16,4.52,142.43,1
3,83.58,21.78,90.18,0
4,86.12,12.44,287.98,2
5,21.59,75.24,72.20,1
48.23,69.19
1,83.23,75.81,15.24,0
2,87.28,45.45,123.29,1
3,83.58,21.78,90.18,0
4,86.12,12.44,287.98,2
5,21.59,75.24,72.20,1
48.23,69.19
1,83.23,75.81,15.24,0
2,87.28,45.45,123.29,1
3,58.59,44.81,137.33,0
4,86.12,12.44,287.98,2
5,21.59,75.24,72.20,1
48.23,69.19
1,83.23,75.81,15.24,0
2,87.28,45.45,123.29,1
3,58.59,44.81,137.33,0
4,89.61,0.80,286.66,2
5,21.59,75.24,72.20,1
48.23,69.19
1,83.23,75.81,15.24,0
2,87.28,45.45,123.29,1
3,58.59,44.81,137.33,0
4,89.61,0.80,286.66,2
5,40.28,84.75,26.98,1
48.23,69.19
1,91.99,73.46,345.02,0
2,87.28,45.45,123.29,1
3,58.59,44.81,137.33,0
4,89.61,0.80,286.66,2
5,40.28,84.75,26.98,1
48.23,69.19
1,91.99,73.46,345.02,0
2,84.57,65.67,97.63,1
3,58.59,44.81,137.33,0
4,89.61,0.80,286.66,2
5,40.28,84.75,26.98,1
48.23,69.19
1,91.99,73.46,345.02,0
2,84.57,65.67,97.63,1
3,20.96,60.01,158.02,0
4,89.61,0.80,286.66,2
5,40.28,84.75,26.98,1
48.23,69.19
1,91.99,73.46,345.02,0
2,84.57,65.67,97.63,1
3,20.96,60.01,158.02,0
4,0.72,81.29,299.66,2
5,40.28,84.75,26.98,1
48.23,69.19
1,91.99,73.46,345.02,0
2,84.57,65.67,97.63,1
3,20.96,60.01,158.02,0
4,0.72,81.29,299.66,2
5,50.40,81.78,343.64,1
48.23,69.19
1,24.09,85.85,21.10,0
2,84.57,65.67,97.63,1
3,20.96,60.01,158.02,0
4,0.72,81.29,299.66,2
5,50.40,81.78,343.64,1
48.23,69.19
1,24.09,85.85,21.10,0
2,88.44,71.46,56.25,1
3,20.96,60.01,158.02,0
4,0.72,81.29,299.66,2
5,50.40,81.78,343.64,1
48.23,69.19
1,24.09,85.85,21.10,0
2,88.44,71.46,56.25,1
3,95.03,77.59,145.87,0
4,0.72,81.29,299.66,2
5,50.40,81.78,343.64,1
48.23,69.19
1,24.09,85.85,21.10,0
2,88.44,71.46,56.25,1
3,95.03,77.59,145.87,0
4,21.26,72.92,337.84,2
5,50.40,81.78,343.64,1
48.23,69.19
1,24.09,85.85,21.10,0
2,88.44,71.46,56.25,1
3,95.03,77.59,145.87,0
4,21.26,72.92,337.84,2
5,55.46,78.25,325.04,1
48.23,69.19
1,39.61,90.06,15.18,0
2,88.44,71.46,56.25,1
3,95.03,77.59,145.87,0
4,21.26,72.92,337.84,2
5,55.46,78.25,325.04,1
48.23,69.19
1,39.61,90.06,15.18,0
2,19.46,86.13,25.32,1
3,95.03,77.59,145.87,0
4,21.26,72.92,337.84,2
5,55.46,78.25,325.04,1
48.23,69.19
1,39.61,90.06,15.18,0
2,19.46,86.13,25.32,1
3,63.34,0.29,144.37,0
4,21.26,72.92,337.84,2
5,55.46,78.25,325.04,1
48.23,69.19
1,39.61,90.06,15.18,0
2,19.46,86.13,25.32,1
3,63.34,0.29,144.37,0
4,27.28,69.00,326.91,2
5,55.46,78.25,325.04,1
48.23,69.19
1,39.61,90.06,15.18,0
2,19.46,86.13,25.32,1
3,63.34,0.29,144.37,0
4,27.28,69.00,326.91,2
5,57.34,77.28,332.66,1
48.23,69.19
1,66.24,31.19,57.08,0
2,19.46,86.13,25.32,1
3,63.34,0.29,144.37,0
4,27.28,69.00,326.91,2
5,57.34,77.28,332.66,1
48.23,69.19
1,66.24,31.19,57.08,0
2,23.16,91.97,57.62,1
3,63.34,0.29,144.37,0
4,27.28,69.00,326.91,2
5,57.34,77.28,332.66,1
48.23,69.19
1,66.24,31.19,57.08,0
2,23.16,91.97,57.62,1
3,60.41,0.03,185.06,0
4,27.28,69.00,326.91,2
5,57.34,77.28,332.66,1
48.23,69.19
1,66.24,31.19,57.08,0
2,23.16,91.97,57.62,1
3,60.41,0.03,185.06,0
4,38.62,24.80,284.39,2
5,57.34,77.28,332.66,1
48.23,69.19
1,66.24,31.19,57.08,0
2,23.16,91.97,57.62,1
3,60.41,0.03,185.06,0
4,38.62,24.80,284.39,2
5,85.05,71.57,348.37,1
48.23,69.19
1,96.54,44.98,24.48,0
2,23.16,91.97,57.62,1
3,60.41,0.03,185.06,0
4,38.62,24.80,284.39,2
5,85.05,71.57,348.37,1
48.23,69.19
1,96.54,44.98,24.48,0
2,33.23,92.29,1.82,1
3,60.41,0.03,185.06,0
4,38.62,24.80,284.39,2
5,85.05,71.57,348.37,1
48.23,69.19
1,96.54,44.98,24.48,0
2,33.23,92.29,1.82,1
3,17.34,90.22,192.84,0
4,38.62,24.80,284.39,2
5,85.05,71.57,348.37,1
48.23,69.19
1,96.54,44.98,24.48,0
2,33.23,92.29,1.82,1
3,17.34,90.22,192.84,0
4,35.51,17.17,247.81,2
5,85.05,71.57,348.37,1
48.23,69.19
1,96.54,44.98,24.48,0
2,33.23,92.29,1.82,1
3,17.34,90.22,192.84,0
4,35.51,17.17,247.81,2
5,9.14,94.06,43.04,1
48.23,69.19
1,17.86,57.06,29.53,0
2,33.23,92.29,1.82,1
3,17.34,90.22,192.84,0
4,35.51,17.17,247.81,2
5,9.14,94.06,43.04,1
48.23,69.19
1,17.86,57.06,29.53,0
2,45.91,99.93,31.06,1
3,17.34,90.22,192.84,0
4,35.51,17.17,247.81,2
5,9.14,94.06,43.04,1
48.23,69.19
1,17.86,57.06,29.53,0
2,45.91,99.93,31.06,1
3,95.33,13.16,133.81,0
4,35.51,17.17,247.81,2
5,9.14,94.06,43.04,1
48.23,69.19
1,17.86,57.06,29.53,0
2,45.91,99.93,31.06,1
3,95.33,13.16,133.81,0
4,40.06,7.10,294.32,2
5,9.14,94.06,43.04,1
48.23,69.19
1,17.86,57.06,29.53,0
2,45.91,99.93,31.06,1
3,95.33,13.16,133.81,0
4,40.06,7.10,294.32,2
5,12.96,95.51,20.76,1
48.23,69.19
1,52.49,48.67,346.38,0
2,45.91,99.93,31.06,1
3,95.33,13.16,133.81,0
4,40.06,7.10,294.32,2
5,12.96,95.51,20.76,1
48.23,69.19
1,52.49,48.67,346.38,0
2,79.08,87.09,338.84,1
3,95.33,13.16,133.81,0
4,40.06,7.10,294.32,2
5,12.96,95.51,20.76,1
48.23,69.19
1,52.49,48.67,346.38,0
2,79.08,87.09,338.84,1
3,88.97,32.80,107.96,0
4,40.06,7.10,294.32,2
5,12.96,95.51,20.76,1
48.23,69.19
1,52.49,48.67,346.38,0
2,79.08,87.09,338.84,1
3,88.97,32.80,107.96,0
4,79.15,91.48,338.22,2
5,12.96,95.51,20.76,1
48.23,69.19
1,52.49,48.67,346.38,0
2,79.08,87.09,338.84,1
3,88.97,32.80,107.96,0
4,79.15,91.48,338.22,2
5,29.39,89.10,338.69,1
48.23,69.19
1,94.66,66.23,22.61,0
2,79.08,87.09,338.84,1
3,88.97,32.80,107.96,0
4,79.15,91.48,338.22,2
5,29.39,89.10,338.69,1
48.23,69.19
1,94.66,66.23,22.61,0
2,80.88,81.28,287.22,1
3,88.97,32.80,107.96,0
4,79.15,91.48,338.22,2
5,29.39,89.10,338.69,1
48.23,69.19
1,94.66,66.23,22.61,0
2,80.88,81.28,287.22,1
3,78.60,80.68,102.21,0
4,79.15,91.48,338.22,2
5,29.39,89.10,338.69,1
48.23,69.19
1,94.66,66.23,22.61,0
2,80.88,81.28,287.22,1
3,78.60,80.68,102.21,0
4,4.57,5.73,29.28,2
5,29.39,89.10,338.69,1
48.23,69.19
1,94.66,66.23,22.61,0
2,80.88,81.28,287.22,1
3,78.60,80.68,102.21,0
4,4.57,5.73,29.28,2
5,35.68,92.27,26.69,1
48.23,69.19
1,9.66,58.97,334.18,0
2,80.88,81.28,287.22,1
3,78.60,80.68,102.21,0
4,4.57,5.73,29.28,2
5,35.68,92.27,26.69,1
48.23,69.19
1,9.66,58.97,334.18,0
2,78.39,65.61,260.97,1
3,78.60,80.68,102.21,0
4,4.57,5.73,29.28,2
5,35.68,92.27,26.69,1
48.23,69.19
1,9.66,58.97,334.18,0
2,78.39,65.61,260.97,1
3,1.40,14.66,56.13,0
4,4.57,5.73,29.28,2
5,35.68,92.27,26.69,1
48.23,69.19
1,9.66,58.97,334.18,0
2,78.39,65.61,260.97,1
3,1.40,14.66,56.13,0
4,25.21,4.34,356.16,2
5,35.68,92.27,26.69,1
48.23,69.19
1,9.66,58.97,334.18,0
2,78.39,65.61,260.97,1
3,1.40,14.66,56.13,0
4,25.21,4.34,356.16,2
5,77.40,71.20,333.21,1
48.23,69.19
1,21.99,33.43,295.76,0
2,78.39,65.61,260.97,1
3,1.40,14.66,56.13,0
4,25.21,4.34,356.16,2
5,77.40,71.20,333.21,1
48.23,69.19
1,21.99,33.43,295.76,0
2,70.00,22.36,259.03,1
3,1.40,14.66,56.13,0
4,25.21,4.34,356.16,2
5,77.40,71.20,333.21,1
48.23,69.19
1,21.99,33.43,295.76,0
2,70.00,22.36,259.03,1
3,98.51,21.26,113.71,0
4,25.21,4.34,356.16,2
5,77.40,71.20,333.21,1
48.23,69.19
1,21.99,33.43,295.76,0
2,70.00,22.36,259.03,1
3,98.51,21.26,113.71,0
4,30.57,7.93,33.85,2
5,77.40,71.20,333.21,1
48.23,69.19
1,21.99,33.43,295.76,0
2,70.00,22.36,259.03,1
3,98.51,21.26,113.71,0
4,30.57,7.93,33.85,2
5,9.42,85.93,24.70,1
48.23,69.19
1,42.25,10.80,311.84,0
2,70.00,22.36,259.03,1
3,98.51,21.26,113.71,0
4,30.57,7.93,33.85,2
5,9.42,85.93,24.70,1
48.23,69.19
1,42.25,10.80,311.84,0
2,45.78,88.91,234.09,1
3,98.51,21.26,113.71,0
4,30.57,7.93,33.85,2
5,9.42,85.93,24.70,1
48.23,69.19
1,42.25,10.80,311.84,0
2,45.78,88.91,234.09,1
3,96.09,71.10,92.78,0
4,30.57,7.93,33.85,2
5,9.42,85.93,24.70,1
48.23,69.19
1,42.25,10.80,311.84,0
2,45.78,88.91,234.09,1
3,96.09,71.10,92.78,0
4,43.70,19.63,41.69,2
5,9.42,85.93,24.70,1
48.23,69.19
1,42.25,10.80,311.84,0
2,45.78,88.91,234.09,1
3,96.09,71.10,92.78,0
4,43.70,19.63,41.69,2
5,52.69,8.06,27.09,1
48.23,69.19
1,56.20,6.00,341.01,0
2,45.78,88.91,234.09,1
3,96.09,71.10,92.78,0
4,43.70,19.63,41.69,2
5,52.69,8.06,27.09,1
48.23,69.19
1,56.20,6.00,341.01,0
2,21.59,87.79,182.66,1
3,96.09,71.10,92.78,0
4,43.70,19.63,41.69,2
5,52.69,8.06,27.09,1
48.23,69.19
1,56.20,6.00,341.01,0
2,21.59,87.79,182.66,1
3,4.66,77.39,36.24,0
4,43.70,19.63,41.69,2
5,52.69,8.06,27.09,1
48.23,69.19
1,56.20,6.00,341.01,0
2,21.59,87.79,182.66,1
3,4.66,77.39,36.24,0
4,51.27,45.72,73.82,2
5,52.69,8.06,27.09,1
48.23,69.19
1,56.20,6.00,341.01,0
2,21.59,87.79,182.66,1
3,4.66,77.39,36.24,0
4,51.27,45.72,73.82,2
5,59.05,17.35,55.62,1
48.23,69.19
1,82.00,88.96,326.57,0
2,21.59,87.79,182.66,1
3,4.66,77.39,36.24,0
4,51.27,45.72,73.82,2
5,59.05,17.35,55.62,1
48.23,69.19
1,82.00,88.96,326.57,0
2,18.92,86.76,200.94,1
3,4.66,77.39,36.24,0
4,51.27,45.72,73.82,2
5,59.05,17.35,55.62,1
48.23,69.19
1,82.00,88.96,326.57,0
2,18.92,86.76,200.94,1
3,35.61,67.42,342.15,0
4,51.27,45.72,73.82,2
5,59.05,17.35,55.62,1
48.23,69.19
1,82.00,88.96,326.57,0
2,18.92,86.76,200.94,1
3,35.61,67.42,342.15,0
4,26.20,86.35,121.68,2
5,59.05,17.35,55.62,1
48.23,69.19
1,82.00,88.96,326.57,0
2,18.92,86.76,200.94,1
3,35.61,67.42,342.15,0
4,26.20,86.35,121.68,2
5,61.65,26.76,74.54,1
48.23,69.19
1,96.39,76.75,319.69,0
2,18.92,86.76,200.94,1
3,35.61,67.42,342.15,0
4,26.20,86.35,121.68,2
5,61.65,26.76,74.54,1
48.23,69.19
1,96.39,76.75,319.69,0
2,9.49,65.85,245.75,1
3,35.61,67.42,342.15,0
4,26.20,86.35,121.68,2
5,61.65,26.76,74.54,1
48.23,69.19
1,96.39,76.75,319.69,0
2,9.49,65.85,245.75,1
3,37.61,65.65,318.32,0
4,26.20,86.35,121.68,2
5,61.65,26.76,74.54,1
48.23,69.19
1,96.39,76.75,319.69,0
2,9.49,65.85,245.75,1
3,37.61,65.65,318.32,0
4,16.58,8.20,113.76,2
5,61.65,26.76,74.54,1
48.23,69.19
1,96.39,76.75,319.69,0
2,9.49,65.85,245.75,1
3,37.61,65.65,318.32,0
4,16.58,8.20,113.76,2
5,32.15,60.79,130.92,1
48.23,69.19
1,1.44,50.06,280.70,0
2,9.49,65.85,245.75,1
3,37.61,65.65,318.32,0
4,16.58,8.20,113.76,2
5,32.15,60.79,130.92,1
48.23,69.19
1,1.44,50.06,280.70,0
2,90.20,59.10,199.29,1
3,37.61,65.65,318.32,0
4,16.58,8.20,113.76,2
5,32.15,60.79,130.92,1
48.23,69.19
1,1.44,50.06,280.70,0
2,90.20,59.10,199.29,1
3,74.94,61.96,354.35,0
4,16.58,8.20,113.76,2
5,32.15,60.79,130.92,1
48.23,69.19
1,1.44,50.06,280.70,0
2,90.20,59.10,199.29,1
3,74.94,61.96,354.35,0
4,6.76,12.97,154.11,2
5,32.15,60.79,130.92,1
48.23,69.19
1,1.44,50.06,280.70,0
2,90.20,59.10,199.29,1
3,74.94,61.96,354.35,0
4,6.76,12.97,154.11,2
5,85.39,62.06,178.44,1
48.23,69.19
1,22.04,25.67,310.18,0
2,90.20,59.10,199.29,1
3,74.94,61.96,354.35,0
4,6.76,12.97,154.11,2
5,85.39,62.06,178.44,1
48.23,69.19
1,22.04,25.67,310.18,0
2,82.54,26.21,256.88,1
3,74.94,61.96,354.35,0
4,6.76,12.97,154.11,2
5,85.39,62.06,178.44,1
48.23,69.19
1,22.04,25.67,310.18,0
2,82.54,26.21,256.88,1
3,3.41,38.24,320.20,0
4,6.76,12.97,154.11,2
5,85.39,62.06,178.44,1
48.23,69.19
1,22.04,25.67,310.18,0
2,82.54,26.21,256.88,1
3,3.41,38.24,320.20,0
4,59.57,25.08,165.60,2
5,85.39,62.06,178.44,1
48.23,69.19
1,22.04,25.67,310.18,0
2,82.54,26.21,256.88,1
3,3.41,38.24,320.20,0
4,59.57,25.08,165.60,2
5,63.07,82.81,137.09,1
48.23,69.19
1,53.93,14.95,341.42,0
2,82.54,26.21,256.88,1
3,3.41,38.24,320.20,0
4,59.57,25.08,165.60,2
5,63.07,82.81,137.09,1
48.23,69.19
1,53.93,14.95,341.42,0
2,75.53,96.49,256.74,1
3,3.41,38.24,320.20,0
4,59.57,25.08,165.60,2
5,63.07,82.81,137.09,1
48.23,69.19
1,53.93,14.95,341.42,0
2,75.53,96.49,256.74,1
3,15.87,16.34,299.66,0
4,59.57,25.08,165.60,2
5,63.07,82.81,137.09,1
48.23,69.19
1,53.93,14.95,341.42,0
2,75.53,96.49,256.74,1
3,15.87,16.34,299.66,0
4,33.74,42.74,145.65,2
5,63.07,82.81,137.09,1
48.23,69.19
1,53.93,14.95,341.42,0
2,75.53,96.49,256.74,1
3,15.87,16.34,299.66,0
4,33.74,42.74,145.65,2
5,36.49,4.01,141.42,1
48.23,69.19
1,84.03,24.49,17.60,0
2,75.53,96.49,256.74,1
3,15.87,16.34,299.66,0
4,33.74,42.74,145.65,2
5,36.49,4.01,141.42,1
48.23,69.19
1,84.03,24.49,17.60,0
2,68.66,53.36,260.94,1
3,15.87,16.34,299.66,0
4,33.74,42.74,145.65,2
5,36.49,4.01,141.42,1
48.23,69.19
1,84.03,24.49,17.60,0
2,68.66,53.36,260.94,1
3,21.03,14.44,339.71,0
4,33.74,42.74,145.65,2
5,36.49,4.01,141.42,1
48.23,69.19
1,84.03,24.49,17.60,0
2,68.66,53.36,260.94,1
3,21.03,14.44,339.71,0
4,24.64,45.91,160.77,2
5,36.49,4.01,141.42,1
48.23,69.19
1,84.03,24.49,17.60,0
2,68.66,53.36,260.94,1
3,21.03,14.44,339.71,0
4,24.64,45.91,160.77,2
5,38.84,41.64,86.43,1
48.23,69.19
1,0.17,13.11,324.83,0
2,68.66,53.36,260.94,1
3,21.03,14.44,339.71,0
4,24.64,45.91,160.77,2
5,38.84,41.64,86.43,1
48.23,69.19
1,0.17,13.11,324.83,0
2,76.14,40.54,300.27,1
3,21.03,14.44,339.71,0
4,24.64,45.91,160.77,2
5,38.84,41.64,86.43,1
48.23,69.19
1,0.17,13.11,324.83,0
2,76.14,40.54,300.27,1
3,30.69,1.60,306.96,0
4,24.64,45.91,160.77,2
5,38.84,41.64,86.43,1
48.23,69.19
1,0.17,13.11,324.83,0
2,76.14,40.54,300.27,1
3,30.69,1.60,306.96,0
4,22.58,46.52,163.77,2
5,38.84,41.64,86.43,1
48.23,69.19
1,0.17,13.11,324.83,0
2,76.14,40.54,300.27,1
3,30.69,1.60,306.96,0
4,22.58,46.52,163.77,2
5,42.63,61.86,79.39,1
48.23,69.19
1,6.87,8.82,327.37,0
2,76.14,40.54,300.27,1
3,30.69,1.60,306.96,0
4,22.58,46.52,163.77,2
5,42.63,61.86,79.39,1
48.23,69.19
1,6.87,8.82,327.37,0
2,72.75,32.47,247.20,1
3,30.69,1.60,306.96,0
4,22.58,46.52,163.77,2
5,42.63,61.86,79.39,1
48.23,69.19
1,6.87,8.82,327.37,0
2,72.75,32.47,247.20,1
3,29.94,86.41,267.17,0
4,22.58,46.52,163.77,2
5,42.63,61.86,79.39,1
48.23,69.19
1,6.87,8.82,327.37,0
2,72.75,32.47,247.20,1
3,29.94,86.41,267.17,0
4,95.09,38.51,196.25,2
5,42.63,61.86,79.39,1
48.23,69.19
1,6.87,8.82,327.37,0
2,72.75,32.47,247.20,1
3,29.94,86.41,267.17,0
4,95.09,38.51,196.25,2
5,32.63,7.53,102.34,1
48.23,69.19
1,39.92,15.53,11.48,0
2,72.75,32.47,247.20,1
3,29.94,86.41,267.17,0
4,95.09,38.51,196.25,2
5,32.63,7.53,102.34,1
48.23,69.19
1,39.92,15.53,11.48,0
2,75.29,86.84,273.19,1
3,29.94,86.41,267.17,0
4,95.09,38.51,196.25,2
5,32.63,7.53,102.34,1
91.64,91.49
1,39.92,15.53,11.48,0
2,75.29,86.84,273.19,1
3,45.07,73.98,320.58,1
4,95.09,38.51,196.25,2
5,32.63,7.53,102.34,1
91.64,91.49
1,39.92,15.53,11.48,0
2,75.29,86.84,273.19,1
3,45.07,73.98,320.58,1
4,93.96,34.66,253.75,2
5,32.63,7.53,102.34,1
91.64,91.49
1,39.92,15.53,11.48,0
2,75.29,86.84,273.19,1
3,45.07,73.98,320.58,1
4,93.96,34.66,253.75,2
5,19.91,39.80,111.51,1
91.64,91.49
1,43.64,13.95,336.91,0
2,75.29,86.84,273.19,1
3,45.07,73.98,320.58,1
4,93.96,34.66,253.75,2
5,19.91,39.80,111.51,1
91.64,91.49
1,43.64,13.95,336.91,0
2,74.66,85.99,233.68,1
3,45.07,73.98,320.58,1
4,93.96,34.66,253.75,2
5,19.91,39.80,111.51,1
91.64,91.49
1,43.64,13.95,336.91,0
2,74.66,85.99,233.68,1
3,63.30,76.47,7.77,1
4,93.96,34.66,253.75,2
5,19.91,39.80,111.51,1
91.64,91.49
1,43.64,13.95,336.91,0
2,74.66,85.99,233.68,1
3,63.30,76.47,7.77,1
4,3.38,5.27,287.76,2
5,19.91,39.80,111.51,1
91.64,91.49
1,43.64,13.95,336.91,0
2,74.66,85.99,233.68,1
3,63.30,76.47,7.77,1
4,3.38,5.27,287.76,2
5,77.69,55.80,159.25,1
91.64,91.49
1,61.47,14.52,1.82,0
2,74.66,85.99,233.68,1
3,63.30,76.47,7.77,1
4,3.38,5.27,287.76,2
5,77.69,55.80,159.25,1
91.64,91.49
1,61.47,14.52,1.82,0
2,74.23,49.87,269.32,1
3,63.30,76.47,7.77,1
4,3.38,5.27,287.76,2
5,77.69,55.80,159.25,1
91.64,91.49
1,61.47,14.52,1.82,0
2,74.23,49.87,269.32,1
3,80.85,87.51,32.17,1
4,3.38,5.27,287.76,2
5,77.69,55.80,159.25,1
91.64,91.49
1,61.47,14.52,1.82,0
2,74.23,49.87,269.32,1
3,80.85,87.51,32.17,1
4,1.46,93.32,260.90,2
5,77.69,55.80,159.25,1
91.64,91.49
1,61.47,14.52,1.82,0
2,74.23,49.87,269.32,1
3,80.85,87.51,32.17,1
4,1.46,93.32,260.90,2
5,71.62,78.06,105.26,1
91.64,91.49
1,88.91,5.91,342.57,0
2,74.23,49.87,269.32,1
3,80.85,87.51,32.17,1
4,1.46,93.32,260.90,2
5,71.62,78.06,105.26,1
91.64,91.49
1,88.91,5.91,342.57,0
2,74.33,49.11,277.32,1
3,80.85,87.51,32.17,1
4,1.46,93.32,260.90,2
5,71.62,78.06,105.26,1
91.64,91.49
1,88.91,5.91,342.57,0
2,74.33,49.11,277.32,1
3,2.12,19.42,56.31,1
4,1.46,93.32,260.90,2
5,71.62,78.06,105.26,1
91.64,91.49
1,88.91,5.91,342.57,0
2,74.33,49.11,277.32,1
3,2.12,19.42,56.31,1
4,2.13,90.03,281.48,2
5,71.62,78.06,105.26,1
91.64,91.49
1,88.91,5.91,342.57,0
2,74.33,49.11,277.32,1
3,2.12,19.42,56.31,1
4,2.13,90.03,281.48,2
5,82.94,5.64,67.68,1
91.64,91.49
1,91.60,6.35,9.46,0
2,74.33,49.11,277.32,1
3,2.12,19.42,56.31,1
4,2.13,90.03,281.48,2
5,82.94,5.64,67.68,1
91.64,91.49
1,91.60,6.35,9.46,0
2,87.79,25.31,299.47,1
3,2.12,19.42,56.31,1
4,2.13,90.03,281.48,2
5,82.94,5.64,67.68,1
91.64,91.49
1,91.60,6.35,9.46,0
2,87.79,25.31,299.47,1
3,1.16,58.33,91.42,1
4,2.13,90.03,281.48,2
5,82.94,5.64,67.68,1
91.64,91.49
1,91.60,6.35,9.46,0
2,87.79,25.31,299.47,1
3,1.16,58.33,91.42,1
4,82.23,72.34,221.63,2
5,82.94,5.64,67.68,1
91.64,91.49
1,91.60,6.35,9.46,0
2,87.79,25.31,299.47,1
3,1.16,58.33,91.42,1
4,82.23,72.34,221.63,2
5,75.66,16.64,123.50,1
91.64,91.49
1,4.25,10.33,17.43,0
2,87.79,25.31,299.47,1
3,1.16,58.33,91.42,1
4,82.23,72.34,221.63,2
5,75.66,16.64,123.50,1
91.64,91.49
1,4.25,10.33,17.43,0
2,75.94,96.48,247.66,1
3,1.16,58.33,91.42,1
4,82.23,72.34,221.63,2
5,75.66,16.64,123.50,1
91.64,91.49
1,4.25,10.33,17.43,0
2,75.94,96.48,247.66,1
3,35.91,90.05,42.38,1
4,82.23,72.34,221.63,2
5,75.66,16.64,123.50,1
91.64,91.49
1,4.25,10.33,17.43,0
2,75.94,96.48,247.66,1
3,35.91,90.05,42.38,1
4,68.93,66.04,205.36,2
5,75.66,16.64,123.50,1
91.64,91.49
1,4.25,10.33,17.43,0
2,75.94,96.48,247.66,1
3,35.91,90.05,42.38,1
4,68.93,66.04,205.36,2
5,79.80,53.14,83.53,1
91.64,91.49
1,10.22,4.98,318.11,0
2,75.94,96.48,247.66,1
3,35.91,90.05,42.38,1
4,68.93,66.04,205.36,2
5,79.80,53.14,83.53,1
91.64,91.49
1,10.22,4.98,318.11,0
2,84.10,84.15,303.50,1
3,35.91,90.05,42.38,1
4,68.93,66.04,205.36,2
5,79.80,53.14,83.53,1
91.64,91.49
1,10.22,4.98,318.11,0
2,84.10,84.15,303.50,1
3,36.35,91.23,69.78,1
4,68.93,66.04,205.36,2
5,79.80,53.14,83.53,1
91.64,91.49
1,10.22,4.98,318.11,0
2,84.10,84.15,303.50,1
3,36.35,91.23,69.78,1
4,62.54,37.39,257.43,2
5,79.80,53.14,83.53,1
91.64,91.49
1,10.22,4.98,318.11,0
2,84.10,84.15,303.50,1
3,36.35,91.23,69.78,1
4,62.54,37.39,257.43,2
5,77.97,57.58,112.42,1
91.64,91.49
1,37.70,98.57,346.88,0
2,84.10,84.15,303.50,1
3,36.35,91.23,69.78,1
4,62.54,37.39,257.43,2
5,77.97,57.58,112.42,1
91.64,91.49
1,37.70,98.57,346.88,0
2,84.31,84.11,349.86,1
3,36.35,91.23,69.78,1
4,62.54,37.39,257.43,2
5,77.97,57.58,112.42,1
91.64,91.49
1,37.70,98.57,346.88,0
2,84.31,84.11,349.86,1
3,66.63,20.69,44.21,1
4,62.54,37.39,257.43,2
5,77.97,57.58,112.42,1
91.64,91.49
1,37.70,98.57,346.88,0
2,84.31,84.11,349.86,1
3,66.63,20.69,44.21,1
4,65.43,26.86,285.36,2
5,77.97,57.58,112.42,1
91.64,91.49
1,37.70,98.57,346.88,0
2,84.31,84.11,349.86,1
3,66.63,20.69,44.21,1
4,65.43,26.86,285.36,2
5,72.35,60.06,156.22,1
91.64,91.49
1,62.25,12.68,29.88,0
2,84.31,84.11,349.86,1
3,66.63,20.69,44.21,1
4,65.43,26.86,285.36,2
5,72.35,60.06,156.22,1
91.64,91.49
1,62.25,12.68,29.88,0
2,18.90,5.91,32.22,1
3,66.63,20.69,44.21,1
4,65.43,26.86,285.36,2
5,72.35,60.06,156.22,1
91.64,91.49
1,62.25,12.68,29.88,0
2,18.90,5.91,32.22,1
3,70.85,26.18,52.47,1
4,65.43,26.86,285.36,2
5,72.35,60.06,156.22,1
91.64,91.49
1,62.25,12.68,29.88,0
2,18.90,5.91,32.22,1
3,70.85,26.18,52.47,1
4,71.62,8.44,288.57,2
5,72.35,60.06,156.22,1
91.64,91.49
1,62.25,12.68,29.88,0
2,18.90,5.91,32.22,1
3,70.85,26.18,52.47,1
4,71.62,8.44,288.57,2
5,49.24,89.51,128.12,1
91.64,91.49
1,76.18,56.06,72.21,0
2,18.90,5.91,32.22,1
3,70.85,26.18,52.47,1
4,71.62,8.44,288.57,2
5,49.24,89.51,128.12,1
91.64,91.49
1,76.18,56.06,72.21,0
2,20.07,13.89,81.65,1
3,70.85,26.18,52.47,1
4,71.62,8.44,288.57,2
5,49.24,89.51,128.12,1
91.64,91.49
1,76.18,56.06,72.21,0
2,20.07,13.89,81.65,1
3,5.34,42.99,25.98,1
4,71.62,8.44,288.57,2
5,49.24,89.51,128.12,1
91.64,91.49
1,76.18,56.06,72.21,0
2,20.07,13.89,81.65,1
3,5.34,42.99,25.98,1
4,87.82,3.44,342.84,2
5,49.24,89.51,128.12,1
91.64,91.49
1,76.18,56.06,72.21,0
2,20.07,13.89,81.65,1
3,5.34,42.99,25.98,1
4,87.82,3.44,342.84,2
5,51.99,98.66,73.29,1
91.64,91.49
1,63.08,97.54,107.52,0
2,20.07,13.89,81.65,1
3,5.34,42.99,25.98,1
4,87.82,3.44,342.84,2
5,51.99,98.66,73.29,1
91.64,91.49
1,63.08,97.54,107.52,0
2,19.15,60.58,91.13,1
3,5.34,42.99,25.98,1
4,87.82,3.44,342.84,2
5,51.99,98.66,73.29,1
91.64,91.49
1,63.08,97.54,107.52,0
2,19.15,60.58,91.13,1
3,53.19,51.58,10.18,1
4,87.82,3.44,342.84,2
5,51.99,98.66,73.29,1
91.64,91.49
1,63.08,97.54,107.52,0
2,19.15,60.58,91.13,1
3,53.19,51.58,10.18,1
4,8.14,13.75,26.90,2
5,51.99,98.66,73.29,1
91.64,91.49
1,63.08,97.54,107.52,0
2,19.15,60.58,91.13,1
3,53.19,51.58,10.18,1
4,8.14,13.75,26.90,2
5,55.19,1.52,41.73,1
91.64,91.49
1,49.61,6.55,146.24,0
2,19.15,60.58,91.13,1
3,53.19,51.58,10.18,1
4,8.14,13.75,26.90,2
5,55.19,1.52,41.73,1
91.64,91.49
1,49.61,6.55,146.24,0
2,27.50,68.02,41.71,1
3,53.19,51.58,10.18,1
4,8.14,13.75,26.90,2
5,55.19,1.52,41.73,1
91.64,91.49
1,49.61,6.55,146.24,0
2,27.50,68.02,41.71,1
3,56.33,57.91,63.60,1
4,8.14,13.75,26.90,2
5,55.19,1.52,41.73,1
91.64,91.49
1,49.61,6.55,146.24,0
2,27.50,68.02,41.71,1
3,56.33,57.91,63.60,1
4,42.89,14.31,0.93,2
5,55.19,1.52,41.73,1
91.64,91.49
1,49.61,6.55,146.24,0
2,27.50,68.02,41.71,1
3,56.33,57.91,63.60,1
4,42.89,14.31,0.93,2
5,1.56,13.61,14.61,1
91.64,91.49
1,30.79,2.64,191.73,0
2,27.50,68.02,41.71,1
3,56.33,57.91,63.60,1
4,42.89,14.31,0.93,2
5,1.56,13.61,14.61,1
91.64,91.49
1,30.79,2.64,191.73,0
2,43.96,95.80,59.35,1
3,56.33,57.91,63.60,1
4,42.89,14.31,0.93,2
5,1.56,13.61,14.61,1
91.64,91.49
1,30.79,2.64,191.73,0
2,43.96,95.80,59.35,1
3,68.98,86.59,66.19,1
4,42.89,14.31,0.93,2
5,1.56,13.61,14.61,1
91.64,91.49
1,30.79,2.64,191.73,0
2,43.96,95.80,59.35,1
3,68.98,86.59,66.19,1
4,73.08,42.31,42.84,2
5,1.56,13.61,14.61,1
91.64,91.49
1,30.79,2.64,191.73,0
2,43.96,95.80,59.35,1
3,68.98,86.59,66.19,1
4,73.08,42.31,42.84,2
5,5.38,14.17,8.37,1
91.64,91.49
1,27.50,93.25,250.71,0
2,43.96,95.80,59.35,1
3,68.98,86.59,66.19,1
4,73.08,42.31,42.84,2
5,5.38,14.17,8.37,1
91.64,91.49
1,27.50,93.25,250.71,0
2,43.97,95.82,71.31,1
3,68.98,86.59,66.19,1
4,73.08,42.31,42.84,2
5,5.38,14.17,8.37,1
91.64,91.49
1,27.50,93.25,250.71,0
2,43.97,95.82,71.31,1
3,91.37,14.48,51.24,1
4,73.08,42.31,42.84,2
5,5.38,14.17,8.37,1
91.64,91.49
1,27.50,93.25,250.71,0
2,43.97,95.82,71.31,1
3,91.37,14.48,51.24,1
4,2.67,49.45,13.56,2
5,5.38,14.17,8.37,1
91.64,91.49
1,27.50,93.25,250.71,0
2,43.97,95.82,71.31,1
3,91.37,14.48,51.24,1
4,2.67,49.45,13.56,2
5,38.68,6.52,347.06,1
91.64,91.49
1,22.98,43.88,264.77,0
2,43.97,95.82,71.31,1
3,91.37,14.48,51.24,1
4,2.67,49.45,13.56,2
5,38.68,6.52,347.06,1
91.64,91.49
1,22.98,43.88,264.77,0
2,51.54,27.20,76.44,1
3,91.37,14.48,51.24,1
4,2.67,49.45,13.56,2
5,38.68,6.52,347.06,1
91.64,91.49
1,22.98,43.88,264.77,0
2,51.54,27.20,76.44,1
3,98.64,56.17,80.11,1
4,2.67,49.45,13.56,2
5,38.68,6.52,347.06,1
91.64,91.49
1,22.98,43.88,264.77,0
2,51.54,27.20,76.44,1
3,98.64,56.17,80.11,1
4,4.98,52.47,52.62,2
5,38.68,6.52,347.06,1
91.64,91.49
1,22.98,43.88,264.77,0
2,51.54,27.20,76.44,1
3,98.64,56.17,80.11,1
4,4.98,52.47,52.62,2
5,67.21,21.10,27.06,1
91.64,91.49
1,86.31,18.71,214.46,0
2,51.54,27.20,76.44,1
3,98.64,56.17,80.11,1
4,4.98,52.47,52.62,2
5,67.21,21.10,27.06,1
91.64,91.49
1,86.31,18.71,214.46,0
2,56.14,32.05,46.53,1
3,98.64,56.17,80.11,1
4,4.98,52.47,52.62,2
5,67.21,21.10,27.06,1
91.64,91.49
1,86.31,18.71,214.46,0
2,56.14,32.05,46.53,1
3,98.19,75.76,91.31,1
4,4.98,52.47,52.62,2
5,67.21,21.10,27.06,1
91.64,91.49
1,86.31,18.71,214.46,0
2,56.14,32.05,46.53,1
3,98.19,75.76,91.31,1
4,12.77,59.67,42.73,2
5,67.21,21.10,27.06,1
91.64,91.49
1,86.31,18.71,214.46,0
2,56.14,32.05,46.53,1
3,98.19,75.76,91.31,1
4,12.77,59.67,42.73,2
5,69.10,45.22,85.53,1
91.64,91.49
1,85.85,16.78,256.53,0
2,56.14,32.05,46.53,1
3,98.19,75.76,91.31,1
4,12.77,59.67,42.73,2
5,69.10,45.22,85.53,1
91.64,91.49
1,85.85,16.78,256.53,0
2,98.63,45.31,17.33,1
3,98.19,75.76,91.31,1
4,12.77,59.67,42.73,2
5,69.10,45.22,85.53,1
91.64,91.49
1,85.85,16.78,256.53,0
2,98.63,45.31,17.33,1
3,22.24,90.51,31.53,1
4,12.77,59.67,42.73,2
5,69.10,45.22,85.53,1
91.64,91.49
1,85.85,16.78,256.53,0
2,98.63,45.31,17.33,1
3,22.24,90.51,31.53,1
4,24.47,57.94,351.63,2
5,69.10,45.22,85.53,1
91.64,91.49
1,85.85,16.78,256.53,0
2,98.63,45.31,17.33,1
3,22.24,90.51,31.53,1
4,24.47,57.94,351.63,2
5,70.32,85.88,88.28,1
91.64,91.49
1,89.63,93.84,279.36,0
2,98.63,45.31,17.33,1
3,22.24,90.51,31.53,1
4,24.47,57.94,351.63,2
5,70.32,85.88,88.28,1
91.64,91.49
1,89.63,93.84,279.36,0
2,15.69,83.40,65.87,1
3,22.24,90.51,31.53,1
4,24.47,57.94,351.63,2
5,70.32,85.88,88.28,1
91.64,91.49
1,89.63,93.84,279.36,0
2,15.69,83.40,65.87,1
3,25.82,99.17,67.53,1
4,24.47,57.94,351.63,2
5,70.32,85.88,88.28,1
91.64,91.49
1,89.63,93.84,279.36,0
2,15.69,83.40,65.87,1
3,25.82,99.17,67.53,1
4,60.93,90.80,42.02,2
5,70.32,85.88,88.28,1
91.64,91.49
1,89.63,93.84,279.36,0
2,15.69,83.40,65.87,1
3,25.82,99.17,67.53,1
4,60.93,90.80,42.02,2
5,36.39,14.91,139.45,1
91.64,91.49
1,17.53,82.86,338.51,0
2,15.69,83.40,65.87,1
3,25.82,99.17,67.53,1
4,60.93,90.80,42.02,2
5,36.39,14.91,139.45,1
91.64,91.49
1,17.53,82.86,338.51,0
2,47.91,0.83,28.41,1
3,25.82,99.17,67.53,1
4,60.93,90.80,42.02,2
5,36.39,14.91,139.45,1
91.64,91.49
1,17.53,82.86,338.51,0
2,47.91,0.83,28.41,1
3,31.19,26.07,78.71,1
4,60.93,90.80,42.02,2
5,36.39,14.91,139.45,1
91.64,91.49
1,17.53,82.86,338.51,0
2,47.91,0.83,28.41,1
3,31.19,26.07,78.71,1
4,71.68,14.66,65.75,2
5,36.39,14.91,139.45,1
91.64,91.49
1,17.53,82.86,338.51,0
2,47.91,0.83,28.41,1
3,31.19,26.07,78.71,1
4,71.68,14.66,65.75,2
5,92.17,11.44,184.49,1
91.64,91.49
1,41.81,48.28,305.08,0
2,47.91,0.83,28.41,1
3,31.19,26.07,78.71,1
4,71.68,14.66,65.75,2
5,92.17,11.44,184.49,1
91.64,91.49
1,41.81,48.28,305.08,0
2,84.63,19.01,26.33,1
3,31.19,26.07,78.71,1
4,71.68,14.66,65.75,2
5,92.17,11.44,184.49,1
91.64,91.49
1,41.81,48.28,305.08,0
2,84.63,19.01,26.33,1
3,63.12,54.50,41.69,1
4,71.68,14.66,65.75,2
5,92.17,11.44,184.49,1
91.64,91.49
1,41.81,48.28,305.08,0
2,84.63,19.01,26.33,1
3,63.12,54.50,41.69,1
4,70.90,15.87,122.87,2
5,92.17,11.44,184.49,1
91.64,91.49
1,41.81,48.28,305.08,0
2,84.63,19.01,26.33,1
3,63.12,54.50,41.69,1
4,70.90,15.87,122.87,2
5,74.39,2.68,206.21,1
91.64,91.49
1,46.65,7.71,276.80,0
2,84.63,19.01,26.33,1
3,63.12,54.50,41.69,1
4,70.90,15.87,122.87,2
5,74.39,2.68,206.21,1
91.64,91.49
1,46.65,7.71,276.80,0
2,91.73,21.03,15.92,1
3,63.12,54.50,41.69,1
4,70.90,15.87,122.87,2
5,74.39,2.68,206.21,1
91.64,91.49
1,46.65,7.71,276.80,0
2,91.73,21.03,15.92,1
3,67.08,76.37,79.73,1
4,70.90,15.87,122.87,2
5,74.39,2.68,206.21,1
91.64,91.49
1,46.65,7.71,276.80,0
2,91.73,21.03,15.92,1
3,67.08,76.37,79.73,1
4,66.53,53.37,96.64,2
5,74.39,2.68,206.21,1
91.64,91.49
1,46.65,7.71,276.80,0
2,91.73,21.03,15.92,1
3,67.08,76.37,79.73,1
4,66.53,53.37,96.64,2
5,59.96,91.77,217.10,1
91.64,91.49
1,50.92,99.31,296.93,0
2,91.73,21.03,15.92,1
3,67.08,76.37,79.73,1
4,66.53,53.37,96.64,2
5,59.96,91.77,217.10,1
91.64,91.49
1,50.92,99.31,296.93,0
2,98.20,33.58,62.73,1
3,67.08,76.37,79.73,1
4,66.53,53.37,96.64,2
5,59.96,91.77,217.10,1
91.64,91.49
1,50.92,99.31,296.93,0
2,98.20,33.58,62.73,1
3,69.20,77.67,31.49,1
4,66.53,53.37,96.64,2
5,59.96,91.77,217.10,1
91.64,91.49
1,50.92,99.31,296.93,0
2,98.20,33.58,62.73,1
3,69.20,77.67,31.49,1
4,64.34,74.69,95.89,2
5,59.96,91.77,217.10,1
91.64,91.49
1,50.92,99.31,296.93,0
2,98.20,33.58,62.73,1
3,69.20,77.67,31.49,1
4,64.34,74.69,95.89,2
5,34.25,0.60,161.04,1
91.64,91.49
1,36.77,75.61,239.16,0
2,98.20,33.58,62.73,1
3,69.20,77.67,31.49,1
4,64.34,74.69,95.89,2
5,34.25,0.60,161.04,1
91.64,91.49
1,36.77,75.61,239.16,0
2,0.35,75.09,87.04,1
3,69.20,77.67,31.49,1
4,64.34,74.69,95.89,2
5,34.25,0.60,161.04,1
91.64,91.49
1,36.77,75.61,239.16,0
2,0.35,75.09,87.04,1
3,98.45,79.82,4.19,1
4,64.34,74.69,95.89,2
5,34.25,0.60,161.04,1
91.64,91.49
1,36.77,75.61,239.16,0
2,0.35,75.09,87.04,1
3,98.45,79.82,4.19,1
4,68.88,78.84,42.38,2
5,34.25,0.60,161.04,1
91.64,91.49
1,36.77,75.61,239.16,0
2,0.35,75.09,87.04,1
3,98.45,79.82,4.19,1
4,68.88,78.84,42.38,2
5,24.35,1.64,174.02,1
91.64,91.49
1,26.00,57.05,239.87,0
2,0.35,75.09,87.04,1
3,98.45,79.82,4.19,1
4,68.88,78.84,42.38,2
5,24.35,1.64,174.02,1
91.64,91.49
1,26.00,57.05,239.87,0
2,3.19,90.84,79.77,1
3,98.45,79.82,4.19,1
4,68.88,78.84,42.38,2
5,24.35,1.64,174.02,1
91.64,91.49
1,26.00,57.05,239.87,0
2,3.19,90.84,79.77,1
3,43.61,66.96,344.11,1
4,68.88,78.84,42.38,2
5,24.35,1.64,174.02,1
91.64,91.49
1,26.00,57.05,239.87,0
2,3.19,90.84,79.77,1
3,43.61,66.96,344.11,1
4,68.42,82.24,97.67,2
5,24.35,1.64,174.02,1
91.64,91.49
1,26.00,57.05,239.87,0
2,3.19,90.84,79.77,1
3,43.61,66.96,344.11,1
4,68.42,82.24,97.67,2
5,83.09,6.21,173.67,1
91.64,91.49
1,6.54,35.83,227.49,0
2,3.19,90.84,79.77,1
3,43.61,66.96,344.11,1
4,68.42,82.24,97.67,2
5,83.09,6.21,173.67,1
91.64,91.49
1,6.54,35.83,227.49,0
2,85.60,30.14,114.11,1
3,43.61,66.96,344.11,1
4,68.42,82.24,97.67,2
5,83.09,6.21,173.67,1
91.64,91.49
1,6.54,35.83,227.49,0
2,85.60,30.14,114.11,1
3,56.25,46.66,301.92,1
4,68.42,82.24,97.67,2
5,83.09,6.21,173.67,1
91.64,91.49
1,6.54,35.83,227.49,0
2,85.60,30.14,114.11,1
3,56.25,46.66,301.92,1
4,76.15,11.89,75.38,2
5,83.09,6.21,173.67,1
91.64,91.49
1,6.54,35.83,227.49,0
2,85.60,30.14,114.11,1
3,56.25,46.66,301.92,1
4,76.15,11.89,75.38,2
5,75.50,2.53,205.84,1
91.64,91.49
1,66.46,7.55,215.20,0
2,85.60,30.14,114.11,1
3,56.25,46.66,301.92,1
4,76.15,11.89,75.38,2
5,75.50,2.53,205.84,1
91.64,91.49
1,66.46,7.55,215.20,0
2,67.64,40.36,150.37,1
3,56.25,46.66,301.92,1
4,76.15,11.89,75.38,2
5,75.50,2.53,205.84,1
91.64,91.49
1,66.46,7.55,215.20,0
2,67.64,40.36,150.37,1
3,63.18,14.45,282.13,1
4,76.15,11.89,75.38,2
5,75.50,2.53,205.84,1
91.64,91.49
1,66.46,7.55,215.20,0
2,67.64,40.36,150.37,1
3,63.18,14.45,282.13,1
4,86.66,15.81,20.46,2
5,75.50,2.53,205.84,1
91.64,91.49
1,66.46,7.55,215.20,0
2,67.64,40.36,150.37,1
3,63.18,14.45,282.13,1
4,86.66,15.81,20.46,2
5,66.86,7.43,150.44,1
91.64,91.49
1,60.73,94.71,245.98,0
2,67.64,40.36,150.37,1
3,63.18,14.45,282.13,1
4,86.66,15.81,20.46,2
5,66.86,7.43,150.44,1
91.64,91.49
1,60.73,94.71,245.98,0
2,64.35,45.50,122.61,1
3,63.18,14.45,282.13,1
4,86.66,15.81,20.46,2
5,66.86,7.43,150.44,1
91.64,91.49
1,60.73,94.71,245.98,0
2,64.35,45.50,122.61,1
3,57.48,1.48,246.29,1
4,86.66,15.81,20.46,2
5,66.86,7.43,150.44,1
91.64,91.49
1,60.73,94.71,245.98,0
2,64.35,45.50,122.61,1
3,57.48,1.48,246.29,1
4,26.27,22.88,10.12,2
5,66.86,7.43,150.44,1
91.64,91.49
1,60.73,94.71,245.98,0
2,64.35,45.50,122.61,1
3,57.48,1.48,246.29,1
4,26.27,22.88,10.12,2
5,63.68,45.26,94.81,1
91.64,91.49
1,48.48,82.18,225.66,0
2,64.35,45.50,122.61,1
3,57.48,1.48,246.29,1
4,26.27,22.88,10.12,2
5,63.68,45.26,94.81,1
91.64,91.49
1,48.48,82.18,225.66,0
2,51.25,70.13,118.00,1
3,57.48,1.48,246.29,1
4,26.27,22.88,10.12,2
5,63.68,45.26,94.81,1
91.64,91.49
1,48.48,82.18,225.66,0
2,51.25,70.13,118.00,1
3,57.35,1.03,254.16,1
4,26.27,22.88,10.12,2
5,63.68,45.26,94.81,1
91.64,91.49
1,48.48,82.18,225.66,0
2,51.25,70.13,118.00,1
3,57.35,1.03,254.16,1
4,26.63,23.29,48.86,2
5,63.68,45.26,94.81,1
91.64,91.49
1,48.48,82.18,225.66,0
2,51.25,70.13,118.00,1
3,57.35,1.03,254.16,1
4,26.63,23.29,48.86,2
5,54.46,50.95,148.35,1
91.64,91.49
1,10.44,63.70,205.91,0
2,51.25,70.13,118.00,1
3,57.35,1.03,254.16,1
4,26.63,23.29,48.86,2
5,54.46,50.95,148.35,1
91.64,91.49
1,10.44,63.70,205.91,0
2,42.47,70.76,175.89,1
3,57.35,1.03,254.16,1
4,26.63,23.29,48.86,2
5,54.46,50.95,148.35,1
91.64,91.49
1,10.44,63.70,205.91,0
2,42.47,70.76,175.89,1
3,52.74,77.02,259.13,1
4,26.63,23.29,48.86,2
5,54.46,50.95,148.35,1
91.64,91.49
1,10.44,63.70,205.91,0
2,42.47,70.76,175.89,1
3,52.74,77.02,259.13,1
4,36.33,50.73,70.52,2
5,54.46,50.95,148.35,1
91.64,91.49
1,10.44,63.70,205.91,0
2,42.47,70.76,175.89,1
3,52.74,77.02,259.13,1
4,36.33,50.73,70.52,2
5,22.19,41.51,196.29,1
91.64,91.49
1,80.13,51.41,202.07,0
2,42.47,70.76,175.89,1
3,52.74,77.02,259.13,1
4,36.33,50.73,70.52,2
5,22.19,41.51,196.29,1
91.64,91.49
1,80.13,51.41,202.07,0
2,17.08,54.19,213.13,1
3,52.74,77.02,259.13,1
4,36.33,50.73,70.52,2
5,22.19,41.51,196.29,1
91.64,91.49
1,80.13,51.41,202.07,0
2,17.08,54.19,213.13,1
3,36.25,50.93,237.70,1
4,36.33,50.73,70.52,2
5,22.19,41.51,196.29,1
91.64,91.49
1,80.13,51.41,202.07,0
2,17.08,54.19,213.13,1
3,36.25,50.93,237.70,1
4,10.11,82.08,129.91,2
5,22.19,41.51,196.29,1
91.64,91.49
1,80.13,51.41,202.07,0
2,17.08,54.19,213.13,1
3,36.25,50.93,237.70,1
4,10.11,82.08,129.91,2
5,18.01,39.25,208.41,1
91.64,91.49
1,58.43,61.12,155.89,0
2,17.08,54.19,213.13,1
3,36.25,50.93,237.70,1
4,10.11,82.08,129.91,2
5,18.01,39.25,208.41,1
91.64,91.49
1,58.43,61.12,155.89,0
2,91.84,52.16,184.61,1
3,36.25,50.93,237.70,1
4,10.11,82.08,129.91,2
5,18.01,39.25,208.41,1
91.64,91.49
1,58.43,61.12,155.89,0
2,91.84,52.16,184.61,1
3,30.73,22.08,259.16,1
4,10.11,82.08,129.91,2
5,18.01,39.25,208.41,1
91.64,91.49
1,58.43,61.12,155.89,0
2,91.84,52.16,184.61,1
3,30.73,22.08,259.16,1
4,83.77,92.32,158.75,2
5,18.01,39.25,208.41,1
91.64,91.49
1,58.43,61.12,155.89,0
2,91.84,52.16,184.61,1
3,30.73,22.08,259.16,1
4,83.77,92.32,158.75,2
5,10.46,21.59,246.86,1
91.64,91.49
1,26.49,84.74,143.52,0
2,91.84,52.16,184.61,1
3,30.73,22.08,259.16,1
4,83.77,92.32,158.75,2
5,10.46,21.59,246.86,1
91.64,91.49
1,26.49,84.74,143.52,0
2,73.72,75.62,127.68,1
3,30.73,22.08,259.16,1
4,83.77,92.32,158.75,2
5,10.46,21.59,246.86,1
91.64,91.49
1,26.49,84.74,143.52,0
2,73.72,75.62,127.68,1
3,24.69,94.81,257.52,1
4,83.77,92.32,158.75,2
5,10.46,21.59,246.86,1
91.64,91.49
1,26.49,84.74,143.52,0
2,73.72,75.62,127.68,1
3,24.69,94.81,257.52,1
4,52.74,25.44,133.13,2
5,10.46,21.59,246.86,1
91.64,91.49
1,26.49,84.74,143.52,0
2,73.72,75.62,127.68,1
3,24.69,94.81,257.52,1
4,52.74,25.44,133.13,2
5,20.67,0.38,295.71,1
77.62,57.02
1,92.37,78.86,189.77,1
2,73.72,75.62,127.68,1
3,24.69,94.81,257.52,1
4,52.74,25.44,133.13,2
5,20.67,0.38,295.71,1
77.62,57.02
1,92.37,78.86,189.77,1
2,32.39,77.11,177.93,1
3,24.69,94.81,257.52,1
4,52.74,25.44,133.13,2
5,20.67,0.38,295.71,1
77.62,57.02
1,92.37,78.86,189.77,1
2,32.39,77.11,177.93,1
3,19.55,74.85,255.55,1
4,52.74,25.44,133.13,2
5,20.67,0.38,295.71,1
77.62,57.02
1,92.37,78.86,189.77,1
2,32.39,77.11,177.93,1
3,19.55,74.85,255.55,1
4,54.63,61.65,87.01,2
5,20.67,0.38,295.71,1
77.62,57.02
1,92.37,78.86,189.77,1
2,32.39,77.11,177.93,1
3,19.55,74.85,255.55,1
4,54.63,61.65,87.01,2
5,35.36,84.71,313.15,1
77.62,57.02
1,57.21,79.66,178.69,1
2,32.39,77.11,177.93,1
3,19.55,74.85,255.55,1
4,54.63,61.65,87.01,2
5,35.36,84.71,313.15,1
77.62,57.02
1,57.21,79.66,178.69,1
2,99.35,7.18,137.69,1
3,19.55,74.85,255.55,1
4,54.63,61.65,87.01,2
5,35.36,84.71,313.15,1
77.62,57.02
1,57.21,79.66,178.69,1
2,99.35,7.18,137.69,1
3,4.14,44.05,243.43,1
4,54.63,61.65,87.01,2
5,35.36,84.71,313.15,1
77.62,57.02
1,57.21,79.66,178.69,1
2,99.35,7.18,137.69,1
3,4.14,44.05,243.43,1
4,53.62,68.70,98.15,2
5,35.36,84.71,313.15,1
77.62,57.02
1,57.21,79.66,178.69,1
2,99.35,7.18,137.69,1
3,4.14,44.05,243.43,1
4,53.62,68.70,98.15,2
5,35.49,84.16,283.50,1
77.62,57.02
1,51.92,77.50,202.18,1
2,99.35,7.18,137.69,1
3,4.14,44.05,243.43,1
4,53.62,68.70,98.15,2
5,35.49,84.16,283.50,1
77.62,57.02
1,51.92,77.50,202.18,1
2,83.24,31.69,123.32,1
3,4.14,44.05,243.43,1
4,53.62,68.70,98.15,2
5,35.49,84.16,283.50,1
77.62,57.02
1,51.92,77.50,202.18,1
2,83.24,31.69,123.32,1
3,97.76,15.46,257.41,1
4,53.62,68.70,98.15,2
5,35.49,84.16,283.50,1
77.62,57.02
1,51.92,77.50,202.18,1
2,83.24,31.69,123.32,1
3,97.76,15.46,257.41,1
4,74.40,92.40,48.76,2
5,35.49,84.16,283.50,1
77.62,57.02
1,51.92,77.50,202.18,1
2,83.24,31.69,123.32,1
3,97.76,15.46,257.41,1
4,74.40,92.40,48.76,2
5,56.55,69.31,324.82,1
77.62,57.02
1,42.85,59.55,243.19,1
2,83.24,31.69,123.32,1
3,97.76,15.46,257.41,1
4,74.40,92.40,48.76,2
5,56.55,69.31,324.82,1
77.62,57.02
1,42.85,59.55,243.19,1
2,38.92,50.17,157.37,1
3,97.76,15.46,257.41,1
4,74.40,92.40,48.76,2
5,56.55,69.31,324.82,1
77.62,57.02
1,42.85,59.55,243.19,1
2,38.92,50.17,157.37,1
3,85.88,72.71,254.47,1
4,74.40,92.40,48.76,2
5,56.55,69.31,324.82,1
77.62,57.02
1,42.85,59.55,243.19,1
2,38.92,50.17,157.37,1
3,85.88,72.71,254.47,1
4,74.40,92.43,86.54,2
5,56.55,69.31,324.82,1
77.62,57.02
1,42.85,59.55,243.19,1
2,38.92,50.17,157.37,1
3,85.88,72.71,254.47,1
4,74.40,92.43,86.54,2
5,96.65,68.36,358.64,1
77.62,57.02
1,41.39,47.93,262.86,1
2,38.92,50.17,157.37,1
3,85.88,72.71,254.47,1
4,74.40,92.43,86.54,2
5,96.65,68.36,358.64,1
77.62,57.02
1,41.39,47.93,262.86,1
2,33.32,60.78,117.83,1
3,85.88,72.71,254.47,1
4,74.40,92.43,86.54,2
5,96.65,68.36,358.64,1
77.62,57.02
1,41.39,47.93,262.86,1
2,33.32,60.78,117.83,1
3,85.26,56.31,267.82,1
4,74.40,92.43,86.54,2
5,96.65,68.36,358.64,1
77.62,57.02
1,41.39,47.93,262.86,1
2,33.32,60.78,117.83,1
3,85.26,56.31,267.82,1
4,84.14,98.24,30.83,2
5,96.65,68.36,358.64,1
77.62,57.02
1,41.39,47.93,262.86,1
2,33.32,60.78,117.83,1
3,85.26,56.31,267.82,1
4,84.14,98.24,30.83,2
5,99.22,67.28,337.13,1
77.62,57.02
1,32.61,23.93,249.91,1
2,33.32,60.78,117.83,1
3,85.26,56.31,267.82,1
4,84.14,98.24,30.83,2
5,99.22,67.28,337.13,1
77.62,57.02
1,32.61,23.93,249.91,1
2,18.14,63.59,169.48,1
3,85.26,56.31,267.82,1
4,84.14,98.24,30.83,2
5,99.22,67.28,337.13,1
77.62,57.02
1,32.61,23.93,249.91,1
2,18.14,63.59,169.48,1
3,82.22,43.92,256.24,1
4,84.14,98.24,30.83,2
5,99.22,67.28,337.13,1
77.62,57.02
1,32.61,23.93,249.91,1
2,18.14,63.59,169.48,1
3,82.22,43.92,256.24,1
4,88.60,26.76,81.10,2
5,99.22,67.28,337.13,1
77.62,57.02
1,32.61,23.93,249.91,1
2,18.14,63.59,169.48,1
3,82.22,43.92,256.24,1
4,88.60,26.76,81.10,2
5,8.51,70.52,19.25,1
77.62,57.02
1,31.23,6.71,265.42,1
2,18.14,63.59,169.48,1
3,82.22,43.92,256.24,1
4,88.60,26.76,81.10,2
5,8.51,70.52,19.25,1
77.62,57.02
1,31.23,6.71,265.42,1
2,86.18,44.72,210.57,1
3,82.22,43.92,256.24,1
4,88.60,26.76,81.10,2
5,8.51,70.52,19.25,1
77.62,57.02
1,31.23,6.71,265.42,1
2,86.18,44.72,210.57,1
3,83.04,43.08,314.24,1
4,88.60,26.76,81.10,2
5,8.51,70.52,19.25,1
77.62,57.02
1,31.23,6.71,265.42,1
2,86.18,44.72,210.57,1
3,83.04,43.08,314.24,1
4,90.17,39.50,83.00,2
5,8.51,70.52,19.25,1
77.62,57.02
1,31.23,6.71,265.42,1
2,86.18,44.72,210.57,1
3,83.04,43.08,314.24,1
4,90.17,39.50,83.00,2
5,20.36,71.00,2.31,1
77.62,57.02
1,8.52,82.41,226.94,1
2,86.18,44.72,210.57,1
3,83.04,43.08,314.24,1
4,90.17,39.50,83.00,2
5,20.36,71.00,2.31,1
77.62,57.02
1,8.52,82.41,226.94,1
2,45.10,35.85,192.18,1
3,83.04,43.08,314.24,1
4,90.17,39.50,83.00,2
5,20.36,71.00,2.31,1
77.62,57.02
1,8.52,82.41,226.94,1
2,45.10,35.85,192.18,1
3,94.75,35.95,328.65,1
4,90.17,39.50,83.00,2
5,20.36,71.00,2.31,1
77.62,57.02
1,8.52,82.41,226.94,1
2,45.10,35.85,192.18,1
3,94.75,35.95,328.65,1
4,75.49,65.72,119.23,2
5,20.36,71.00,2.31,1
77.62,57.02
1,8.52,82.41,226.94,1
2,45.10,35.85,192.18,1
3,94.75,35.95,328.65,1
4,75.49,65.72,119.23,2
5,39.67,68.02,351.23,1
77.62,57.02
1,98.91,84.42,168.18,1
2,45.10,35.85,192.18,1
3,94.75,35.95,328.65,1
4,75.49,65.72,119.23,2
5,39.67,68.02,351.23,1
77.62,57.02
1,98.91,84.42,168.18,1
2,43.55,36.22,166.41,1
3,94.75,35.95,328.65,1
4,75.49,65.72,119.23,2
5,39.67,68.02,351.23,1
77.62,57.02
1,98.91,84.42,168.18,1
2,43.55,36.22,166.41,1
3,95.84,20.25,273.98,1
4,75.49,65.72,119.23,2
5,39.67,68.02,351.23,1
77.62,57.02
1,98.91,84.42,168.18,1
2,43.55,36.22,166.41,1
3,95.84,20.25,273.98,1
4,66.66,67.89,166.21,2
5,39.67,68.02,351.23,1
77.62,57.02
1,98.91,84.42,168.18,1
2,43.55,36.22,166.41,1
3,95.84,20.25,273.98,1
4,66.66,67.89,166.21,2
5,45.23,59.52,303.21,1
77.62,57.02
1,64.06,78.39,189.82,1
2,43.55,36.22,166.41,1
3,95.84,20.25,273.98,1
4,66.66,67.89,166.21,2
5,45.23,59.52,303.21,1
77.62,57.02
1,64.06,78.39,189.82,1
2,16.44,13.08,220.49,1
3,95.84,20.25,273.98,1
4,66.66,67.89,166.21,2
5,45.23,59.52,303.21,1
77.62,57.02
1,64.06,78.39,189.82,1
2,16.44,13.08,220.49,1
3,94.61,16.51,251.77,1
4,66.66,67.89,166.21,2
5,45.23,59.52,303.21,1
77.62,57.02
1,64.06,78.39,189.82,1
2,16.44,13.08,220.49,1
3,94.61,16.51,251.77,1
4,48.98,5.60,115.12,2
5,45.23,59.52,303.21,1
77.62,57.02
1,64.06,78.39,189.82,1
2,16.44,13.08,220.49,1
3,94.61,16.51,251.77,1
4,48.98,5.60,115.12,2
5,46.11,27.29,271.56,1
77.62,57.02
1,47.42,42.69,245.02,1
2,16.44,13.08,220.49,1
3,94.61,16.51,251.77,1
4,48.98,5.60,115.12,2
5,46.11,27.29,271.56,1
77.62,57.02
1,47.42,42.69,245.02,1
2,5.52,4.25,218.95,1
3,94.61,16.51,251.77,1
4,48.98,5.60,115.12,2
5,46.11,27.29,271.56,1
77.62,57.02
1,47.42,42.69,245.02,1
2,5.52,4.25,218.95,1
3,95.38,9.75,276.53,1
4,48.98,5.60,115.12,2
5,46.11,27.29,271.56,1
77.62,57.02
1,47.42,42.69,245.02,1
2,5.52,4.25,218.95,1
3,95.38,9.75,276.53,1
4,36.35,6.77,174.71,2
5,46.11,27.29,271.56,1
77.62,57.02
1,47.42,42.69,245.02,1
2,5.52,4.25,218.95,1
3,95.38,9.75,276.53,1
4,36.35,6.77,174.71,2
5,40.32,0.34,257.88,1
77.62,57.02
1,45.94,41.86,209.24,1
2,5.52,4.25,218.95,1
3,95.38,9.75,276.53,1
4,36.35,6.77,174.71,2
5,40.32,0.34,257.88,1
77.62,57.02
1,45.94,41.86,209.24,1
2,57.69,95.18,190.74,1
3,95.38,9.75,276.53,1
4,36.35,6.77,174.71,2
5,40.32,0.34,257.88,1
77.62,57.02
1,45.94,41.86,209.24,1
2,57.69,95.18,190.74,1
3,84.51,79.45,250.26,1
4,36.35,6.77,174.71,2
5,40.32,0.34,257.88,1
77.62,57.02
1,45.94,41.86,209.24,1
2,57.69,95.18,190.74,1
3,84.51,79.45,250.26,1
4,9.26,79.24,225.47,2
5,40.32,0.34,257.88,1
77.62,57.02
1,45.94,41.86,209.24,1
2,57.69,95.18,190.74,1
3,84.51,79.45,250.26,1
4,9.26,79.24,225.47,2
5,46.83,52.19,277.70,1
77.62,57.02
1,37.46,36.53,212.14,1
2,57.69,95.18,190.74,1
3,84.51,79.45,250.26,1
4,9.26,79.24,225.47,2
5,46.83,52.19,277.70,1
77.62,57.02
1,37.46,36.53,212.14,1
2,28.42,17.88,142.21,1
3,84.51,79.45,250.26,1
4,9.26,79.24,225.47,2
5,46.83,52.19,277.70,1
77.62,57.02
1,37.46,36.53,212.14,1
2,28.42,17.88,142.21,1
3,82.54,54.21,265.53,1
4,9.26,79.24,225.47,2
5,46.83,52.19,277.70,1
77.62,57.02
1,37.46,36.53,212.14,1
2,28.42,17.88,142.21,1
3,82.54,54.21,265.53,1
4,91.74,77.08,187.01,2
5,46.83,52.19,277.70,1
77.62,57.02
1,37.46,36.53,212.14,1
2,28.42,17.88,142.21,1
3,82.54,54.21,265.53,1
4,91.74,77.08,187.01,2
5,46.38,46.84,265.20,1
77.62,57.02
1,26.42,26.30,222.82,1
2,28.42,17.88,142.21,1
3,82.54,54.21,265.53,1
4,91.74,77.08,187.01,2
5,46.38,46.84,265.20,1
77.62,57.02
1,26.42,26.30,222.82,1
2,1.22,34.48,148.59,1
3,82.54,54.21,265.53,1
4,91.74,77.08,187.01,2
5,46.38,46.84,265.20,1
77.62,57.02
1,26.42,26.30,222.82,1
2,1.22,34.48,148.59,1
3,87.13,32.13,281.74,1
4,91.74,77.08,187.01,2
5,46.38,46.84,265.20,1
77.62,57.02
1,26.42,26.30,222.82,1
2,1.22,34.48,148.59,1
3,87.13,32.13,281.74,1
4,91.10,76.81,203.11,2
5,46.38,46.84,265.20,1
77.62,57.02
1,26.42,26.30,222.82,1
2,1.22,34.48,148.59,1
3,87.13,32.13,281.74,1
4,91.10,76.81,203.11,2
5,39.21,25.22,251.66,1
77.62,57.02
1,24.88,18.56,258.79,1
2,1.22,34.48,148.59,1
3,87.13,32.13,281.74,1
4,91.10,76.81,203.11,2
5,39.21,25.22,251.66,1
11.60,47.50
1,24.88,18.56,258.79,1
2,97.32,51.73,102.75,2
3,87.13,32.13,281.74,1
4,91.10,76.81,203.11,2
5,39.21,25.22,251.66,1
11.60,47.50
1,24.88,18.56,258.79,1
2,97.32,51.73,102.75,2
3,21.21,0.24,316.90,1
4,91.10,76.81,203.11,2
5,39.21,25.22,251.66,1
11.60,47.50
1,24.88,18.56,258.79,1
2,97.32,51.73,102.75,2
3,21.21,0.24,316.90,1
4,87.80,76.34,188.07,2
5,39.21,25.22,251.66,1
11.60,47.50
1,24.88,18.56,258.79,1
2,97.32,51.73,102.75,2
3,21.21,0.24,316.90,1
4,87.80,76.34,188.07,2
5,22.81,84.81,247.90,1
11.60,47.50
1,26.36,86.22,272.62,1
2,97.32,51.73,102.75,2
3,21.21,0.24,316.90,1
4,87.80,76.34,188.07,2
5,22.81,84.81,247.90,1
11.60,47.50
1,26.36,86.22,272.62,1
2,81.80,62.02,146.47,2
3,21.21,0.24,316.90,1
4,87.80,76.34,188.07,2
5,22.81,84.81,247.90,1
11.60,47.50
1,26.36,86.22,272.62,1
2,81.80,62.02,146.47,2
3,52.79,5.90,10.16,1
4,87.80,76.34,188.07,2
5,22.81,84.81,247.90,1
11.60,47.50
1,26.36,86.22,272.62,1
2,81.80,62.02,146.47,2
3,52.79,5.90,10.16,1
4,53.61,65.29,197.91,2
5,22.81,84.81,247.90,1
11.60,47.50
1,26.36,86.22,272.62,1
2,81.80,62.02,146.47,2
3,52.79,5.90,10.16,1
4,53.61,65.29,197.91,2
5,89.56,67.70,207.24,1
11.60,47.50
1,25.28,82.15,255.16,1
2,81.80,62.02,146.47,2
3,52.79,5.90,10.16,1
4,53.61,65.29,197.91,2
5,89.56,67.70,207.24,1
11.60,47.50
1,25.28,82.15,255.16,1
2,65.69,84.74,125.33,2
3,52.79,5.90,10.16,1
4,53.61,65.29,197.91,2
5,89.56,67.70,207.24,1
11.60,47.50
1,25.28,82.15,255.16,1
2,65.69,84.74,125.33,2
3,65.28,94.63,317.94,1
4,53.61,65.29,197.91,2
5,89.56,67.70,207.24,1
11.60,47.50
1,25.28,82.15,255.16,1
2,65.69,84.74,125.33,2
3,65.28,94.63,317.94,1
4,31.95,42.89,225.96,2
5,89.56,67.70,207.24,1
11.60,47.50
1,25.28,82.15,255.16,1
2,65.69,84.74,125.33,2
3,65.28,94.63,317.94,1
4,31.95,42.89,225.96,2
5,75.78,68.43,176.97,1
11.60,47.50
1,17.84,64.88,246.69,1
2,65.69,84.74,125.33,2
3,65.28,94.63,317.94,1
4,31.95,42.89,225.96,2
5,75.78,68.43,176.97,1
11.60,47.50
1,17.84,64.88,246.69,1
2,65.73,84.90,76.28,2
3,65.28,94.63,317.94,1
4,31.95,42.89,225.96,2
5,75.78,68.43,176.97,1
11.60,47.50
1,17.84,64.88,246.69,1
2,65.73,84.90,76.28,2
3,10.36,0.27,7.13,1
4,31.95,42.89,225.96,2
5,75.78,68.43,176.97,1
11.60,47.50
1,17.84,64.88,246.69,1
2,65.73,84.90,76.28,2
3,10.36,0.27,7.13,1
4,30.94,33.52,263.88,2
5,75.78,68.43,176.97,1
11.60,47.50
1,17.84,64.88,246.69,1
2,65.73,84.90,76.28,2
3,10.36,0.27,7.13,1
4,30.94,33.52,263.88,2
5,57.82,67.63,182.53,1
11.60,47.50
1,2.83,38.55,240.32,1
2,65.73,84.90,76.28,2
3,10.36,0.27,7.13,1
4,30.94,33.52,263.88,2
5,57.82,67.63,182.53,1
11.60,47.50
1,2.83,38.55,240.32,1
2,64.40,16.82,92.39,2
3,10.36,0.27,7.13,1
4,30.94,33.52,263.88,2
5,57.82,67.63,182.53,1
11.60,47.50
1,2.83,38.55,240.32,1
2,64.40,16.82,92.39,2
3,47.34,79.44,330.62,1
4,30.94,33.52,263.88,2
5,57.82,67.63,182.53,1
11.60,47.50
1,2.83,38.55,240.32,1
2,64.40,16.82,92.39,2
3,47.34,79.44,330.62,1
4,31.78,16.25,272.78,2
5,57.82,67.63,182.53,1
11.60,47.50
1,2.83,38.55,240.32,1
2,64.40,16.82,92.39,2
3,47.34,79.44,330.62,1
4,31.78,16.25,272.78,2
5,30.57,89.67,141.04,1
11.60,47.50
1,97.83,34.37,219.87,1
2,64.40,16.82,92.39,2
3,47.34,79.44,330.62,1
4,31.78,16.25,272.78,2
5,30.57,89.67,141.04,1
11.60,47.50
1,97.83,34.37,219.87,1
2,54.52,52.28,105.57,2
3,47.34,79.44,330.62,1
4,31.78,16.25,272.78,2
5,30.57,89.67,141.04,1
11.60,47.50
1,97.83,34.37,219.87,1
2,54.52,52.28,105.57,2
3,64.40,79.77,1.10,1
4,31.78,16.25,272.78,2
5,30.57,89.67,141.04,1
11.60,47.50
1,97.83,34.37,219.87,1
2,54.52,52.28,105.57,2
3,64.40,79.77,1.10,1
4,43.36,88.83,292.90,2
5,30.57,89.67,141.04,1
11.60,47.50
1,97.83,34.37,219.87,1
2,54.52,52.28,105.57,2
3,64.40,79.77,1.10,1
4,43.36,88.83,292.90,2
5,31.10,30.17,89.25,1
11.60,47.50
1,52.02,22.03,195.08,1
2,54.52,52.28,105.57,2
3,64.40,79.77,1.10,1
4,43.36,88.83,292.90,2
5,31.10,30.17,89.25,1
11.60,47.50
1,52.02,22.03,195.08,1
2,57.56,58.56,64.13,2
3,64.40,79.77,1.10,1
4,43.36,88.83,292.90,2
5,31.10,30.17,89.25,1
11.60,47.50
1,52.02,22.03,195.08,1
2,57.56,58.56,64.13,2
3,88.87,11.96,52.76,1
4,43.36,88.83,292.90,2
5,31.10,30.17,89.25,1
11.60,47.50
1,52.02,22.03,195.08,1
2,57.56,58.56,64.13,2
3,88.87,11.96,52.76,1
4,26.43,43.66,249.46,2
5,31.10,30.17,89.25,1
23.79,58.45
1,52.02,22.03,195.08,1
2,57.56,58.56,64.13,2
3,88.87,11.96,52.76,1
4,26.43,43.66,249.46,2
5,28.98,45.74,97.76,2
23.79,58.45
1,40.98,18.39,198.28,1
2,57.56,58.56,64.13,2
3,88.87,11.96,52.76,1
4,26.43,43.66,249.46,2
5,28.98,45.74,97.76,2
23.79,58.45
1,40.98,18.39,198.28,1
2,74.15,3.25,69.64,2
3,88.87,11.96,52.76,1
4,26.43,43.66,249.46,2
5,28.98,45.74,97.76,2
23.79,58.45
1,40.98,18.39,198.28,1
2,74.15,3.25,69.64,2
3,92.20,16.35,52.86,1
4,26.43,43.66,249.46,2
5,28.98,45.74,97.76,2
23.79,58.45
1,40.98,18.39,198.28,1
2,74.15,3.25,69.64,2
3,92.20,16.35,52.86,1
4,36.17,28.14,302.11,2
5,28.98,45.74,97.76,2
23.79,58.45
1,40.98,18.39,198.28,1
2,74.15,3.25,69.64,2
3,92.20,16.35,52.86,1
4,36.17,28.14,302.11,2
5,29.83,75.26,88.34,2
23.79,58.45
1,35.51,17.13,192.95,1
2,74.15,3.25,69.64,2
3,92.20,16.35,52.86,1
4,36.17,28.14,302.11,2
5,29.83,75.26,88.34,2
23.79,58.45
1,35.51,17.13,192.95,1
2,12.76,10.11,10.06,2
3,92.20,16.35,52.86,1
4,36.17,28.14,302.11,2
5,29.83,75.26,88.34,2
23.79,58.45
1,35.51,17.13,192.95,1
2,12.76,10.11,10.06,2
3,13.87,40.43,48.01,1
4,36.17,28.14,302.11,2
5,29.83,75.26,88.34,2
23.79,58.45
1,35.51,17.13,192.95,1
2,12.76,10.11,10.06,2
3,13.87,40.43,48.01,1
4,73.05,21.35,349.56,2
5,29.83,75.26,88.34,2
23.79,58.45
1,35.51,17.13,192.95,1
2,12.76,10.11,10.06,2
3,13.87,40.43,48.01,1
4,73.05,21.35,349.56,2
5,40.07,95.38,63.04,2
23.79,58.45
1,21.42,5.13,220.43,1
2,12.76,10.11,10.06,2
3,13.87,40.43,48.01,1
4,73.05,21.35,349.56,2
5,40.07,95.38,63.04,2
23.79,58.45
1,21.42,5.13,220.43,1
2,40.29,85.01,317.66,2
3,13.87,40.43,48.01,1
4,73.05,21.35,349.56,2
5,40.07,95.38,63.04,2
23.79,58.45
1,21.42,5.13,220.43,1
2,40.29,85.01,317.66,2
3,19.70,89.84,83.26,1
4,73.05,21.35,349.56,2
5,40.07,95.38,63.04,2
23.79,58.45
1,21.42,5.13,220.43,1
2,40.29,85.01,317.66,2
3,19.70,89.84,83.26,1
4,80.07,9.86,301.44,2
5,40.07,95.38,63.04,2
23.79,58.45
1,21.42,5.13,220.43,1
2,40.29,85.01,317.66,2
3,19.70,89.84,83.26,1
4,80.07,9.86,301.44,2
5,61.67,26.54,55.27,2
23.79,58.45
1,79.55,86.47,204.02,1
2,40.29,85.01,317.66,2
3,19.70,89.84,83.26,1
4,80.07,9.86,301.44,2
5,61.67,26.54,55.27,2
23.79,58.45
1,79.55,86.47,204.02,1
2,55.35,71.75,318.63,2
3,19.70,89.84,83.26,1
4,80.07,9.86,301.44,2
5,61.67,26.54,55.27,2
23.79,58.45
1,79.55,86.47,204.02,1
2,55.35,71.75,318.63,2
3,60.89,14.64,31.05,1
4,80.07,9.86,301.44,2
5,61.67,26.54,55.27,2
23.79,58.45
1,79.55,86.47,204.02,1
2,55.35,71.75,318.63,2
3,60.89,14.64,31.05,1
4,89.81,8.41,351.52,2
5,61.67,26.54,55.27,2
23.79,58.45
1,79.55,86.47,204.02,1
2,55.35,71.75,318.63,2
3,60.89,14.64,31.05,1
4,89.81,8.41,351.52,2
5,69.69,33.47,40.83,2
23.79,58.45
1,52.71,84.74,183.69,1
2,55.35,71.75,318.63,2
3,60.89,14.64,31.05,1
4,89.81,8.41,351.52,2
5,69.69,33.47,40.83,2
23.79,58.45
1,52.71,84.74,183.69,1
2,64.73,57.31,303.01,2
3,60.89,14.64,31.05,1
4,89.81,8.41,351.52,2
5,69.69,33.47,40.83,2
23.79,58.45
1,52.71,84.74,183.69,1
2,64.73,57.31,303.01,2
3,78.51,46.43,61.01,1
4,89.81,8.41,351.52,2
5,69.69,33.47,40.83,2
23.79,58.45
1,52.71,84.74,183.69,1
2,64.73,57.31,303.01,2
3,78.51,46.43,61.01,1
4,9.41,96.21,328.09,2
5,69.69,33.47,40.83,2
23.79,58.45
1,52.71,84.74,183.69,1
2,64.73,57.31,303.01,2
3,78.51,46.43,61.01,1
4,9.41,96.21,328.09,2
5,74.61,35.41,21.51,2
23.79,58.45
1,31.23,42.68,242.95,1
2,64.73,57.31,303.01,2
3,78.51,46.43,61.01,1
4,9.41,96.21,328.09,2
5,74.61,35.41,21.51,2
23.79,58.45
1,31.23,42.68,242.95,1
2,64.60,54.54,267.41,2
3,78.51,46.43,61.01,1
4,9.41,96.21,328.09,2
5,74.61,35.41,21.51,2
23.79,58.45
1,31.23,42.68,242.95,1
2,64.60,54.54,267.41,2
3,72.82,64.03,107.92,1
4,9.41,96.21,328.09,2
5,74.61,35.41,21.51,2
23.79,58.45
1,31.23,42.68,242.95,1
2,64.60,54.54,267.41,2
3,72.82,64.03,107.92,1
4,15.47,98.05,16.94,2
5,74.61,35.41,21.51,2
23.79,58.45
1,31.23,42.68,242.95,1
2,64.60,54.54,267.41,2
3,72.82,64.03,107.92,1
4,15.47,98.05,16.94,2
5,21.44,20.90,342.78,2
23.79,58.45
1,26.62,23.60,256.44,1
2,64.60,54.54,267.41,2
3,72.82,64.03,107.92,1
4,15.47,98.05,16.94,2
5,21.44,20.90,342.78,2
23.79,58.45
1,26.62,23.60,256.44,1
2,89.95,33.93,320.87,2
3,72.82,64.03,107.92,1
4,15.47,98.05,16.94,2
5,21.44,20.90,342.78,2
23.79,58.45
1,26.62,23.60,256.44,1
2,89.95,33.93,320.87,2
3,73.05,75.51,88.82,1
4,15.47,98.05,16.94,2
5,21.44,20.90,342.78,2
23.79,58.45
1,26.62,23.60,256.44,1
2,89.95,33.93,320.87,2
3,73.05,75.51,88.82,1
4,56.88,21.56,29.59,2
5,21.44,20.90,342.78,2
23.79,58.45
1,26.62,23.60,256.44,1
2,89.95,33.93,320.87,2
3,73.05,75.51,88.82,1
4,56.88,21.56,29.59,2
5,50.58,23.32,4.75,2
23.79,58.45
1,45.05,87.52,297.05,1
2,89.95,33.93,320.87,2
3,73.05,75.51,88.82,1
4,56.88,21.56,29.59,2
5,50.58,23.32,4.75,2
23.79,58.45
1,45.05,87.52,297.05,1
2,9.44,4.59,303.59,2
3,73.05,75.51,88.82,1
4,56.88,21.56,29.59,2
5,50.58,23.32,4.75,2
23.79,58.45
1,45.05,87.52,297.05,1
2,9.44,4.59,303.59,2
3,74.57,86.97,82.46,1
4,56.88,21.56,29.59,2
5,50.58,23.32,4.75,2
23.79,58.45
1,45.05,87.52,297.05,1
2,9.44,4.59,303.59,2
3,74.57,86.97,82.46,1
4,57.19,24.38,83.66,2
5,50.58,23.32,4.75,2
23.79,58.45
1,45.05,87.52,297.05,1
2,9.44,4.59,303.59,2
3,74.57,86.97,82.46,1
4,57.19,24.38,83.66,2
5,83.61,20.75,355.54,2
23.79,58.45
1,70.62,64.12,317.54,1
2,9.44,4.59,303.59,2
3,74.57,86.97,82.46,1
4,57.19,24.38,83.66,2
5,83.61,20.75,355.54,2
23.79,58.45
1,70.62,64.12,317.54,1
2,29.18,63.04,295.41,2
3,74.57,86.97,82.46,1
4,57.19,24.38,83.66,2
5,83.61,20.75,355.54,2
23.79,58.45
1,70.62,64.12,317.54,1
2,29.18,63.04,295.41,2
3,95.25,96.17,23.99,1
4,57.19,24.38,83.66,2
5,83.61,20.75,355.54,2
23.79,58.45
1,70.62,64.12,317.54,1
2,29.18,63.04,295.41,2
3,95.25,96.17,23.99,1
4,1.44,45.06,25.05,2
5,83.61,20.75,355.54,2
23.79,58.45
1,70.62,64.12,317.54,1
2,29.18,63.04,295.41,2
3,95.25,96.17,23.99,1
4,1.44,45.06,25.05,2
5,85.63,18.23,308.71,2
23.79,58.45
1,75.40,16.95,275.79,1
2,29.18,63.04,295.41,2
3,95.25,96.17,23.99,1
4,1.44,45.06,25.05,2
5,85.63,18.23,308.71,2
23.79,58.45
1,75.40,16.95,275.79,1
2,38.56,46.16,299.08,2
3,95.25,96.17,23.99,1
4,1.44,45.06,25.05,2
5,85.63,18.23,308.71,2
23.79,58.45
1,75.40,16.95,275.79,1
2,38.56,46.16,299.08,2
3,13.37,10.13,37.62,1
4,1.44,45.06,25.05,2
5,85.63,18.23,308.71,2
23.79,58.45
1,75.40,16.95,275.79,1
2,38.56,46.16,299.08,2
3,13.37,10.13,37.62,1
4,19.05,47.79,8.80,2
5,85.63,18.23,308.71,2
23.79,58.45
1,75.40,16.95,275.79,1
2,38.56,46.16,299.08,2
3,13.37,10.13,37.62,1
4,19.05,47.79,8.80,2
5,11.83,16.24,355.65,2
23.79,58.45
1,4.51,97.55,326.32,1
2,38.56,46.16,299.08,2
3,13.37,10.13,37.62,1
4,19.05,47.79,8.80,2
5,11.83,16.24,355.65,2
23.79,58.45
1,4.51,97.55,326.32,1
2,53.25,45.46,357.27,2
3,13.37,10.13,37.62,1
4,19.05,47.79,8.80,2
5,11.83,16.24,355.65,2
23.79,58.45
1,4.51,97.55,326.32,1
2,53.25,45.46,357.27,2
3,39.31,51.04,57.62,1
4,19.05,47.79,8.80,2
5,11.83,16.24,355.65,2
23.79,58.45
1,4.51,97.55,326.32,1
2,53.25,45.46,357.27,2
3,39.31,51.04,57.62,1
4,31.95,56.64,34.47,2
5,11.83,16.24,355.65,2
23.79,58.45
1,4.51,97.55,326.32,1
2,53.25,45.46,357.27,2
3,39.31,51.04,57.62,1
4,31.95,56.64,34.47,2
5,38.06,94.47,320.31,2
23.79,58.45
1,5.67,91.07,280.17,1
2,53.25,45.46,357.27,2
3,39.31,51.04,57.62,1
4,31.95,56.64,34.47,2
5,38.06,94.47,320.31,2
23.79,58.45
1,5.67,91.07,280.17,1
2,92.67,47.74,3.31,2
3,39.31,51.04,57.62,1
4,31.95,56.64,34.47,2
5,38.06,94.47,320.31,2
23.79,58.45
1,5.67,91.07,280.17,1
2,92.67,47.74,3.31,2
3,31.52,68.76,113.74,1
4,31.95,56.64,34.47,2
5,38.06,94.47,320.31,2
23.79,58.45
1,5.67,91.07,280.17,1
2,92.67,47.74,3.31,2
3,31.52,68.76,113.74,1
4,59.62,91.60,51.64,2
5,38.06,94.47,320.31,2
23.79,58.45
1,5.67,91.07,280.17,1
2,92.67,47.74,3.31,2
3,31.52,68.76,113.74,1
4,59.62,91.60,51.64,2
5,47.09,97.69,19.64,2
23.79,58.45
1,26.71,77.19,326.58,1
2,92.67,47.74,3.31,2
3,31.52,68.76,113.74,1
4,59.62,91.60,51.64,2
5,47.09,97.69,19.64,2
23.79,58.45
1,26.71,77.19,326.58,1
2,6.61,30.88,309.59,2
3,31.52,68.76,113.74,1
4,59.62,91.60,51.64,2
5,47.09,97.69,19.64,2
23.79,58.45
1,26.71,77.19,326.58,1
2,6.61,30.88,309.59,2
3,92.46,96.20,144.92,1
4,59.62,91.60,51.64,2
5,47.09,97.69,19.64,2
23.79,58.45
1,26.71,77.19,326.58,1
2,6.61,30.88,309.59,2
3,92.46,96.20,144.92,1
4,93.89,2.76,18.04,2
5,47.09,97.69,19.64,2
23.79,58.45
1,26.71,77.19,326.58,1
2,6.61,30.88,309.59,2
3,92.46,96.20,144.92,1
4,93.89,2.76,18.04,2
5,56.96,44.12,77.99,2
23.79,58.45
1,52.83,61.79,329.48,1
2,6.61,30.88,309.59,2
3,92.46,96.20,144.92,1
4,93.89,2.76,18.04,2
5,56.96,44.12,77.99,2
23.79,58.45
1,52.83,61.79,329.48,1
2,18.07,30.75,359.35,2
3,92.46,96.20,144.92,1
4,93.89,2.76,18.04,2
5,56.96,44.12,77.99,2
23.79,58.45
1,52.83,61.79,329.48,1
2,18.07,30.75,359.35,2
3,68.77,88.21,198.63,1
4,93.89,2.76,18.04,2
5,56.96,44.12,77.99,2
23.79,58.45
1,52.83,61.79,329.48,1
2,18.07,30.75,359.35,2
3,68.77,88.21,198.63,1
4,97.74,3.60,12.42,2
5,56.96,44.12,77.99,2
23.79,58.45
1,52.83,61.79,329.48,1
2,18.07,30.75,359.35,2
3,68.77,88.21,198.63,1
4,97.74,3.60,12.42,2
5,60.40,62.49,79.42,2
23.79,58.45
1,63.42,60.42,352.61,1
2,18.07,30.75,359.35,2
3,68.77,88.21,198.63,1
4,97.74,3.60,12.42,2
5,60.40,62.49,79.42,2
23.79,58.45
1,63.42,60.42,352.61,1
2,25.34,33.42,20.17,2
3,68.77,88.21,198.63,1
4,97.74,3.60,12.42,2
5,60.40,62.49,79.42,2
23.79,58.45
1,63.42,60.42,352.61,1
2,25.34,33.42,20.17,2
3,58.29,68.81,241.62,1
4,97.74,3.60,12.42,2
5,60.40,62.49,79.42,2
23.79,58.45
1,63.42,60.42,352.61,1
2,25.34,33.42,20.17,2
3,58.29,68.81,241.62,1
4,4.51,99.97,331.80,2
5,60.40,62.49,79.42,2
23.79,58.45
1,63.42,60.42,352.61,1
2,25.34,33.42,20.17,2
3,58.29,68.81,241.62,1
4,4.51,99.97,331.80,2
5,70.27,95.88,73.53,2
23.79,58.45
1,78.75,68.82,28.72,1
2,25.34,33.42,20.17,2
3,58.29,68.81,241.62,1
4,4.51,99.97,331.80,2
5,70.27,95.88,73.53,2
23.79,58.45
1,78.75,68.82,28.72,1
2,39.32,42.96,34.29,2
3,58.29,68.81,241.62,1
4,4.51,99.97,331.80,2
5,70.27,95.88,73.53,2
23.79,58.45
1,78.75,68.82,28.72,1
2,39.32,42.96,34.29,2
3,52.57,66.93,198.20,1
4,4.51,99.97,331.80,2
5,70.27,95.88,73.53,2
23.79,58.45
1,78.75,68.82,28.72,1
2,39.32,42.96,34.29,2
3,52.57,66.93,198.20,1
4,31.07,64.25,306.64,2
5,70.27,95.88,73.53,2
23.79,58.45
1,78.75,68.82,28.72,1
2,39.32,42.96,34.29,2
3,52.57,66.93,198.20,1
4,31.07,64.25,306.64,2
5,72.55,97.13,28.67,2
23.79,58.45
1,22.36,82.45,17.35,1
2,39.32,42.96,34.29,2
3,52.57,66.93,198.20,1
4,31.07,64.25,306.64,2
5,72.55,97.13,28.67,2
23.79,58.45
1,22.36,82.45,17.35,1
2,60.00,75.69,57.72,2
3,52.57,66.93,198.20,1
4,31.07,64.25,306.64,2
5,72.55,97.13,28.67,2
23.79,58.45
1,22.36,82.45,17.35,1
2,60.00,75.69,57.72,2
3,39.85,55.74,221.32,1
4,31.07,64.25,306.64,2
5,72.55,97.13,28.67,2
23.79,58.45
1,22.36,82.45,17.35,1
2,60.00,75.69,57.72,2
3,39.85,55.74,221.32,1
4,27.44,44.65,259.50,2
5,72.55,97.13,28.67,2
23.79,58.45
1,22.36,82.45,17.35,1
2,60.00,75.69,57.72,2
3,39.85,55.74,221.32,1
4,27.44,44.65,259.50,2
5,79.29,97.00,358.87,2
23.79,58.45
1,56.40,95.49,20.97,1
2,60.00,75.69,57.72,2
3,39.85,55.74,221.32,1
4,27.44,44.65,259.50,2
5,79.29,97.00,358.87,2
23.79,58.45
1,56.40,95.49,20.97,1
2,64.74,85.69,64.63,2
3,39.85,55.74,221.32,1
4,27.44,44.65,259.50,2
5,79.29,97.00,358.87,2
23.79,58.45
1,56.40,95.49,20.97,1
2,64.74,85.69,64.63,2
3,1.35,33.32,210.21,1
4,27.44,44.65,259.50,2
5,79.29,97.00,358.87,2
23.79,58.45
1,56.40,95.49,20.97,1
2,64.74,85.69,64.63,2
3,1.35,33.32,210.21,1
4,11.56,23.85,232.64,2
5,79.29,97.00,358.87,2
Drone id 5: I am a winner

