35.35,55.33
1,79.77,35.86,150.90,0
2,2.44,99.68,293.89,0
3,90.76,0.01,225.03,0
4,31.65,67.94,132.57,0
5,44.11,22.39,329.06,0
35.35,55.33
1,79.77,35.86,150.90,0
2,3.77,83.61,274.72,0
3,90.76,0.01,225.03,0
4,31.65,67.94,132.57,0
5,44.11,22.39,329.06,0
35.35,55.33
1,79.77,35.86,150.90,0
2,3.77,83.61,274.72,0
3,83.78,88.15,239.50,0
4,31.65,67.94,132.57,0
5,44.11,22.39,329.06,0
35.35,55.33
1,79.77,35.86,150.90,0
2,3.77,83.61,274.72,0
3,83.78,88.15,239.50,0
4,17.79,68.86,176.19,0
5,44.11,22.39,329.06,0
35.35,55.33
1,79.77,35.86,150.90,0
2,3.77,83.61,274.72,0
3,83.78,88.15,239.50,0
4,17.79,68.86,176.19,0
5,62.99,13.46,334.69,0
35.35,55.33
1,47.61,46.70,161.37,0
2,3.77,83.61,274.72,0
3,83.78,88.15,239.50,0
4,17.79,68.86,176.19,0
5,62.99,13.46,334.69,0
47.96,47.26
1,47.61,46.70,161.37,0
2,22.57,64.85,315.05,1
3,83.78,88.15,239.50,0
4,17.79,68.86,176.19,0
5,62.99,13.46,334.69,0
47.96,47.26
1,47.61,46.70,161.37,0
2,22.57,64.85,315.05,1
3,69.46,87.09,184.24,0
4,17.79,68.86,176.19,0
5,62.99,13.46,334.69,0
47.96,47.26
1,47.61,46.70,161.37,0
2,22.57,64.85,315.05,1
3,69.46,87.09,184.24,0
4,5.99,61.99,210.22,0
5,62.99,13.46,334.69,0
47.96,47.26
1,47.61,46.70,161.37,0
2,22.57,64.85,315.05,1
3,69.46,87.09,184.24,0
4,5.99,61.99,210.22,0
5,67.41,10.51,326.28,0
47.96,47.26
1,26.42,49.75,171.82,0
2,22.57,64.85,315.05,1
3,69.46,87.09,184.24,0
4,5.99,61.99,210.22,0
5,67.41,10.51,326.28,0
47.96,47.26
1,26.42,49.75,171.82,0
2,25.34,44.02,277.59,1
3,69.46,87.09,184.24,0
4,5.99,61.99,210.22,0
5,67.41,10.51,326.28,0
47.96,47.26
1,26.42,49.75,171.82,0
2,25.34,44.02,277.59,1
3,54.77,77.21,213.94,0
4,5.99,61.99,210.22,0
5,67.41,10.51,326.28,0
47.96,47.26
1,26.42,49.75,171.82,0
2,25.34,44.02,277.59,1
3,54.77,77.21,213.94,0
4,97.37,53.62,224.17,0
5,67.41,10.51,326.28,0
47.96,47.26
1,26.42,49.75,171.82,0
2,25.34,44.02,277.59,1
3,54.77,77.21,213.94,0
4,97.37,53.62,224.17,0
5,91.64,93.38,324.74,0
47.96,47.26
1,78.91,45.51,185.10,0
2,25.34,44.02,277.59,1
3,54.77,77.21,213.94,0
4,97.37,53.62,224.17,0
5,91.64,93.38,324.74,0
47.96,47.26
1,78.91,45.51,185.10,0
2,59.72,9.76,315.09,1
3,54.77,77.21,213.94,0
4,97.37,53.62,224.17,0
5,91.64,93.38,324.74,0
47.96,47.26
1,78.91,45.51,185.10,0
2,59.72,9.76,315.09,1
3,57.51,28.49,273.21,0
4,97.37,53.62,224.17,0
5,91.64,93.38,324.74,0
47.96,47.26
1,78.91,45.51,185.10,0
2,59.72,9.76,315.09,1
3,57.51,28.49,273.21,0
4,93.26,47.72,235.10,0
5,91.64,93.38,324.74,0
47.96,47.26
1,78.91,45.51,185.10,0
2,59.72,9.76,315.09,1
3,57.51,28.49,273.21,0
4,93.26,47.72,235.10,0
5,31.12,2.97,13.65,0
47.96,47.26
1,52.69,41.31,189.09,0
2,59.72,9.76,315.09,1
3,57.51,28.49,273.21,0
4,93.26,47.72,235.10,0
5,31.12,2.97,13.65,0
47.96,47.26
1,52.69,41.31,189.09,0
2,92.28,78.76,316.41,1
3,57.51,28.49,273.21,0
4,93.26,47.72,235.10,0
5,31.12,2.97,13.65,0
47.96,47.26
1,52.69,41.31,189.09,0
2,92.28,78.76,316.41,1
3,69.78,19.57,323.97,0
4,93.26,47.72,235.10,0
5,31.12,2.97,13.65,0
47.96,47.26
1,52.69,41.31,189.09,0
2,92.28,78.76,316.41,1
3,69.78,19.57,323.97,0
4,76.29,37.44,211.21,0
5,31.12,2.97,13.65,0
61.70,74.16
1,52.69,41.31,189.09,0
2,92.28,78.76,316.41,1
3,69.78,19.57,323.97,0
4,76.29,37.44,211.21,0
5,40.46,25.81,67.76,1
61.70,74.16
1,10.38,67.45,148.30,0
2,92.28,78.76,316.41,1
3,69.78,19.57,323.97,0
4,76.29,37.44,211.21,0
5,40.46,25.81,67.76,1
61.70,74.16
1,10.38,67.45,148.30,0
2,89.75,67.83,256.93,1
3,69.78,19.57,323.97,0
4,76.29,37.44,211.21,0
5,40.46,25.81,67.76,1
61.70,74.16
1,10.38,67.45,148.30,0
2,89.75,67.83,256.93,1
3,5.08,6.59,339.81,0
4,76.29,37.44,211.21,0
5,40.46,25.81,67.76,1
61.70,74.16
1,10.38,67.45,148.30,0
2,89.75,67.83,256.93,1
3,5.08,6.59,339.81,0
4,72.02,37.11,184.36,0
5,40.46,25.81,67.76,1
61.70,74.16
1,10.38,67.45,148.30,0
2,89.75,67.83,256.93,1
3,5.08,6.59,339.81,0
4,72.02,37.11,184.36,0
5,39.20,39.57,95.23,1
61.70,74.16
1,81.63,85.87,147.34,0
2,89.75,67.83,256.93,1
3,5.08,6.59,339.81,0
4,72.02,37.11,184.36,0
5,39.20,39.57,95.23,1
61.70,74.16
1,81.63,85.87,147.34,0
2,53.86,39.40,218.38,1
3,5.08,6.59,339.81,0
4,72.02,37.11,184.36,0
5,39.20,39.57,95.23,1
81.29,12.74
1,81.63,85.87,147.34,0
2,53.86,39.40,218.38,1
3,44.91,86.87,333.67,1
4,72.02,37.11,184.36,0
5,39.20,39.57,95.23,1
81.29,12.74
1,81.63,85.87,147.34,0
2,53.86,39.40,218.38,1
3,44.91,86.87,333.67,1
4,70.87,37.12,179.53,0
5,39.20,39.57,95.23,1
81.29,12.74
1,81.63,85.87,147.34,0
2,53.86,39.40,218.38,1
3,44.91,86.87,333.67,1
4,70.87,37.12,179.53,0
5,37.45,42.63,119.72,1
81.29,12.74
1,81.55,86.55,96.83,0
2,53.86,39.40,218.38,1
3,44.91,86.87,333.67,1
4,70.87,37.12,179.53,0
5,37.45,42.63,119.72,1
81.29,12.74
1,81.55,86.55,96.83,0
2,26.51,16.31,220.17,1
3,44.91,86.87,333.67,1
4,70.87,37.12,179.53,0
5,37.45,42.63,119.72,1
81.29,12.74
1,81.55,86.55,96.83,0
2,26.51,16.31,220.17,1
3,77.12,55.48,315.74,1
4,70.87,37.12,179.53,0
5,37.45,42.63,119.72,1
81.29,12.74
1,81.55,86.55,96.83,0
2,26.51,16.31,220.17,1
3,77.12,55.48,315.74,1
4,38.06,29.70,192.74,0
5,37.45,42.63,119.72,1
81.29,12.74
1,81.55,86.55,96.83,0
2,26.51,16.31,220.17,1
3,77.12,55.48,315.74,1
4,38.06,29.70,192.74,0
5,37.17,43.06,123.35,1
81.29,12.74
1,68.34,8.97,120.50,0
2,26.51,16.31,220.17,1
3,77.12,55.48,315.74,1
4,38.06,29.70,192.74,0
5,37.17,43.06,123.35,1
81.29,12.74
1,68.34,8.97,120.50,0
2,21.36,91.78,258.14,1
3,77.12,55.48,315.74,1
4,38.06,29.70,192.74,0
5,37.17,43.06,123.35,1
81.29,12.74
1,68.34,8.97,120.50,0
2,21.36,91.78,258.14,1
3,73.83,15.87,265.24,1
4,38.06,29.70,192.74,0
5,37.17,43.06,123.35,1
81.29,12.74
1,68.34,8.97,120.50,0
2,21.36,91.78,258.14,1
3,73.83,15.87,265.24,1
4,22.56,13.76,225.82,0
5,37.17,43.06,123.35,1
81.29,12.74
1,68.34,8.97,120.50,0
2,21.36,91.78,258.14,1
3,73.83,15.87,265.24,1
4,22.56,13.76,225.82,0
5,27.63,54.07,130.89,1
81.29,12.74
1,59.50,32.30,110.75,0
2,21.36,91.78,258.14,1
3,73.83,15.87,265.24,1
4,22.56,13.76,225.82,0
5,27.63,54.07,130.89,1
81.29,12.74
1,59.50,32.30,110.75,0
2,22.31,51.87,271.36,1
3,73.83,15.87,265.24,1
4,22.56,13.76,225.82,0
5,27.63,54.07,130.89,1
81.29,12.74
1,59.50,32.30,110.75,0
2,22.31,51.87,271.36,1
3,65.06,6.13,228.04,1
4,22.56,13.76,225.82,0
5,27.63,54.07,130.89,1
81.29,12.74
1,59.50,32.30,110.75,0
2,22.31,51.87,271.36,1
3,65.06,6.13,228.04,1
4,80.62,9.83,185.35,0
5,27.63,54.07,130.89,1
81.29,12.74
1,59.50,32.30,110.75,0
2,22.31,51.87,271.36,1
3,65.06,6.13,228.04,1
4,80.62,9.83,185.35,0
5,23.91,58.51,129.98,1
81.29,12.74
1,47.45,36.63,160.25,0
2,22.31,51.87,271.36,1
3,65.06,6.13,228.04,1
4,80.62,9.83,185.35,0
5,23.91,58.51,129.98,1
81.29,12.74
1,47.45,36.63,160.25,0
2,14.12,12.83,258.15,1
3,65.06,6.13,228.04,1
4,80.62,9.83,185.35,0
5,23.91,58.51,129.98,1
81.29,12.74
1,47.45,36.63,160.25,0
2,14.12,12.83,258.15,1
3,37.24,94.82,202.13,1
4,80.62,9.83,185.35,0
5,23.91,58.51,129.98,1
81.29,12.74
1,47.45,36.63,160.25,0
2,14.12,12.83,258.15,1
3,37.24,94.82,202.13,1
4,47.31,8.83,181.72,0
5,23.91,58.51,129.98,1
81.29,12.74
1,47.45,36.63,160.25,0
2,14.12,12.83,258.15,1
3,37.24,94.82,202.13,1
4,47.31,8.83,181.72,0
5,19.24,0.62,96.33,1
81.29,12.74
1,46.86,36.42,199.19,0
2,14.12,12.83,258.15,1
3,37.24,94.82,202.13,1
4,47.31,8.83,181.72,0
5,19.24,0.62,96.33,1
81.29,12.74
1,46.86,36.42,199.19,0
2,2.60,7.80,203.60,1
3,37.24,94.82,202.13,1
4,47.31,8.83,181.72,0
5,19.24,0.62,96.33,1
81.29,12.74
1,46.86,36.42,199.19,0
2,2.60,7.80,203.60,1
3,16.23,4.86,154.45,1
4,47.31,8.83,181.72,0
5,19.24,0.62,96.33,1
81.29,12.74
1,46.86,36.42,199.19,0
2,2.60,7.80,203.60,1
3,16.23,4.86,154.45,1
4,21.92,81.98,226.61,0
5,19.24,0.62,96.33,1
81.29,12.74
1,46.86,36.42,199.19,0
2,2.60,7.80,203.60,1
3,16.23,4.86,154.45,1
4,21.92,81.98,226.61,0
5,22.13,3.80,47.69,1
81.29,12.74
1,5.18,43.47,170.40,0
2,2.60,7.80,203.60,1
3,16.23,4.86,154.45,1
4,21.92,81.98,226.61,0
5,22.13,3.80,47.69,1
81.29,12.74
1,5.18,43.47,170.40,0
2,75.79,87.92,216.55,1
3,16.23,4.86,154.45,1
4,21.92,81.98,226.61,0
5,22.13,3.80,47.69,1
81.29,12.74
1,5.18,43.47,170.40,0
2,75.79,87.92,216.55,1
3,77.03,9.43,173.35,1
4,21.92,81.98,226.61,0
5,22.13,3.80,47.69,1
81.29,12.74
1,5.18,43.47,170.40,0
2,75.79,87.92,216.55,1
3,77.03,9.43,173.35,1
4,26.02,55.94,278.93,0
5,22.13,3.80,47.69,1
81.29,12.74
1,5.18,43.47,170.40,0
2,75.79,87.92,216.55,1
3,77.03,9.43,173.35,1
4,26.02,55.94,278.93,0
5,21.61,50.84,90.64,1
81.29,12.74
1,78.34,52.39,161.62,0
2,75.79,87.92,216.55,1
3,77.03,9.43,173.35,1
4,26.02,55.94,278.93,0
5,21.61,50.84,90.64,1
81.29,12.74
1,78.34,52.39,161.62,0
2,54.68,95.00,161.46,1
3,77.03,9.43,173.35,1
4,26.02,55.94,278.93,0
5,21.61,50.84,90.64,1
81.29,12.74
1,78.34,52.39,161.62,0
2,54.68,95.00,161.46,1
3,43.64,46.26,132.20,1
4,26.02,55.94,278.93,0
5,21.61,50.84,90.64,1
81.29,12.74
1,78.34,52.39,161.62,0
2,54.68,95.00,161.46,1
3,43.64,46.26,132.20,1
4,32.15,47.51,306.05,0
5,21.61,50.84,90.64,1
81.29,12.74
1,78.34,52.39,161.62,0
2,54.68,95.00,161.46,1
3,43.64,46.26,132.20,1
4,32.15,47.51,306.05,0
5,21.55,67.41,90.18,1
81.29,12.74
1,50.33,92.41,124.99,0
2,54.68,95.00,161.46,1
3,43.64,46.26,132.20,1
4,32.15,47.51,306.05,0
5,21.55,67.41,90.18,1
81.29,12.74
1,50.33,92.41,124.99,0
2,52.08,97.12,140.86,1
3,43.64,46.26,132.20,1
4,32.15,47.51,306.05,0
5,21.55,67.41,90.18,1
81.29,12.74
1,50.33,92.41,124.99,0
2,52.08,97.12,140.86,1
3,38.49,58.18,113.34,1
4,32.15,47.51,306.05,0
5,21.55,67.41,90.18,1
81.29,12.74
1,50.33,92.41,124.99,0
2,52.08,97.12,140.86,1
3,38.49,58.18,113.34,1
4,54.10,45.65,355.15,0
5,21.55,67.41,90.18,1
81.29,12.74
1,50.33,92.41,124.99,0
2,52.08,97.12,140.86,1
3,38.49,58.18,113.34,1
4,54.10,45.65,355.15,0
5,10.65,76.69,139.60,1
81.29,12.74
1,24.19,93.48,177.67,0
2,52.08,97.12,140.86,1
3,38.49,58.18,113.34,1
4,54.10,45.65,355.15,0
5,10.65,76.69,139.60,1
81.29,12.74
1,24.19,93.48,177.67,0
2,51.54,97.77,129.67,1
3,38.49,58.18,113.34,1
4,54.10,45.65,355.15,0
5,10.65,76.69,139.60,1
81.29,12.74
1,24.19,93.48,177.67,0
2,51.54,97.77,129.67,1
3,16.27,83.65,131.11,1
4,54.10,45.65,355.15,0
5,10.65,76.69,139.60,1
81.29,12.74
1,24.19,93.48,177.67,0
2,51.54,97.77,129.67,1
3,16.27,83.65,131.11,1
4,66.83,35.23,320.71,0
5,10.65,76.69,139.60,1
81.29,12.74
1,24.19,93.48,177.67,0
2,51.54,97.77,129.67,1
3,16.27,83.65,131.11,1
4,66.83,35.23,320.71,0
5,7.08,92.40,102.80,1
81.29,12.74
1,15.65,93.34,180.90,0
2,51.54,97.77,129.67,1
3,16.27,83.65,131.11,1
4,66.83,35.23,320.71,0
5,7.08,92.40,102.80,1
81.29,12.74
1,15.65,93.34,180.90,0
2,20.86,5.44,165.97,1
3,16.27,83.65,131.11,1
4,66.83,35.23,320.71,0
5,7.08,92.40,102.80,1
81.29,12.74
1,15.65,93.34,180.90,0
2,20.86,5.44,165.97,1
3,16.06,83.81,142.65,1
4,66.83,35.23,320.71,0
5,7.08,92.40,102.80,1
81.29,12.74
1,15.65,93.34,180.90,0
2,20.86,5.44,165.97,1
3,16.06,83.81,142.65,1
4,67.70,31.66,283.76,0
5,7.08,92.40,102.80,1
81.29,12.74
1,15.65,93.34,180.90,0
2,20.86,5.44,165.97,1
3,16.06,83.81,142.65,1
4,67.70,31.66,283.76,0
5,20.13,23.92,67.50,1
81.29,12.74
1,0.54,90.39,191.04,0
2,20.86,5.44,165.97,1
3,16.06,83.81,142.65,1
4,67.70,31.66,283.76,0
5,20.13,23.92,67.50,1
81.29,12.74
1,0.54,90.39,191.04,0
2,6.24,9.25,165.40,1
3,16.06,83.81,142.65,1
4,67.70,31.66,283.76,0
5,20.13,23.92,67.50,1
81.29,12.74
1,0.54,90.39,191.04,0
2,6.24,9.25,165.40,1
3,12.83,91.96,111.60,1
4,67.70,31.66,283.76,0
5,20.13,23.92,67.50,1
81.29,12.74
1,0.54,90.39,191.04,0
2,6.24,9.25,165.40,1
3,12.83,91.96,111.60,1
4,73.99,28.60,333.99,0
5,20.13,23.92,67.50,1
81.29,12.74
1,0.54,90.39,191.04,0
2,6.24,9.25,165.40,1
3,12.83,91.96,111.60,1
4,73.99,28.60,333.99,0
5,44.69,44.84,40.44,1
81.29,12.74
1,73.33,12.18,141.32,0
2,6.24,9.25,165.40,1
3,12.83,91.96,111.60,1
4,73.99,28.60,333.99,0
5,44.69,44.84,40.44,1
81.29,12.74
1,73.33,12.18,141.32,0
2,92.01,99.95,213.16,1
3,12.83,91.96,111.60,1
4,73.99,28.60,333.99,0
5,44.69,44.84,40.44,1
81.29,12.74
1,73.33,12.18,141.32,0
2,92.01,99.95,213.16,1
3,93.27,17.19,127.80,1
4,73.99,28.60,333.99,0
5,44.69,44.84,40.44,1
81.29,12.74
1,73.33,12.18,141.32,0
2,92.01,99.95,213.16,1
3,93.27,17.19,127.80,1
4,12.92,13.71,339.07,0
5,44.69,44.84,40.44,1
81.29,12.74
1,73.33,12.18,141.32,0
2,92.01,99.95,213.16,1
3,93.27,17.19,127.80,1
4,12.92,13.71,339.07,0
5,83.11,55.99,16.17,1
81.29,12.74
1,64.59,28.02,118.88,0
2,92.01,99.95,213.16,1
3,93.27,17.19,127.80,1
4,12.92,13.71,339.07,0
5,83.11,55.99,16.17,1
81.29,12.74
1,64.59,28.02,118.88,0
2,80.65,79.68,240.72,1
3,93.27,17.19,127.80,1
4,12.92,13.71,339.07,0
5,83.11,55.99,16.17,1
81.29,12.74
1,64.59,28.02,118.88,0
2,80.65,79.68,240.72,1
3,79.17,24.31,153.18,1
4,12.92,13.71,339.07,0
5,83.11,55.99,16.17,1
81.29,12.74
1,64.59,28.02,118.88,0
2,80.65,79.68,240.72,1
3,79.17,24.31,153.18,1
4,20.70,74.28,281.16,0
5,83.11,55.99,16.17,1
81.29,12.74
1,64.59,28.02,118.88,0
2,80.65,79.68,240.72,1
3,79.17,24.31,153.18,1
4,20.70,74.28,281.16,0
5,92.36,52.50,339.32,1
81.29,12.74
1,67.37,48.58,82.31,0
2,80.65,79.68,240.72,1
3,79.17,24.31,153.18,1
4,20.70,74.28,281.16,0
5,92.36,52.50,339.32,1
81.29,12.74
1,67.37,48.58,82.31,0
2,44.96,48.29,221.34,1
3,79.17,24.31,153.18,1
4,20.70,74.28,281.16,0
5,92.36,52.50,339.32,1
81.29,12.74
1,67.37,48.58,82.31,0
2,44.96,48.29,221.34,1
3,64.51,51.17,118.63,1
4,20.70,74.28,281.16,0
5,92.36,52.50,339.32,1
81.29,12.74
1,67.37,48.58,82.31,0
2,44.96,48.29,221.34,1
3,64.51,51.17,118.63,1
4,42.53,54.10,317.25,0
5,92.36,52.50,339.32,1
81.29,12.74
1,67.37,48.58,82.31,0
2,44.96,48.29,221.34,1
3,64.51,51.17,118.63,1
4,42.53,54.10,317.25,0
5,96.03,51.70,347.74,1
81.29,12.74
1,83.47,74.79,58.43,0
2,44.96,48.29,221.34,1
3,64.51,51.17,118.63,1
4,42.53,54.10,317.25,0
5,96.03,51.70,347.74,1
81.29,12.74
1,83.47,74.79,58.43,0
2,19.99,32.21,212.77,1
3,64.51,51.17,118.63,1
4,42.53,54.10,317.25,0
5,96.03,51.70,347.74,1
81.29,12.74
1,83.47,74.79,58.43,0
2,19.99,32.21,212.77,1
3,57.34,59.50,130.73,1
4,42.53,54.10,317.25,0
5,96.03,51.70,347.74,1
81.29,12.74
1,83.47,74.79,58.43,0
2,19.99,32.21,212.77,1
3,57.34,59.50,130.73,1
4,39.57,34.82,261.27,0
5,96.03,51.70,347.74,1
81.29,12.74
1,83.47,74.79,58.43,0
2,19.99,32.21,212.77,1
3,57.34,59.50,130.73,1
4,39.57,34.82,261.27,0
5,5.01,47.48,334.84,1
81.29,12.74
1,9.65,7.97,51.73,0
2,19.99,32.21,212.77,1
3,57.34,59.50,130.73,1
4,39.57,34.82,261.27,0
5,5.01,47.48,334.84,1
81.29,12.74
1,9.65,7.97,51.73,0
2,9.63,0.32,252.01,1
3,57.34,59.50,130.73,1
4,39.57,34.82,261.27,0
5,5.01,47.48,334.84,1
81.29,12.74
1,9.65,7.97,51.73,0
2,9.63,0.32,252.01,1
3,33.55,62.56,172.66,1
4,39.57,34.82,261.27,0
5,5.01,47.48,334.84,1
81.29,12.74
1,9.65,7.97,51.73,0
2,9.63,0.32,252.01,1
3,33.55,62.56,172.66,1
4,35.38,6.05,261.71,0
5,5.01,47.48,334.84,1
81.29,12.74
1,9.65,7.97,51.73,0
2,9.63,0.32,252.01,1
3,33.55,62.56,172.66,1
4,35.38,6.05,261.71,0
5,44.94,45.58,357.27,1
81.29,12.74
1,11.80,23.13,81.94,0
2,9.63,0.32,252.01,1
3,33.55,62.56,172.66,1
4,35.38,6.05,261.71,0
5,44.94,45.58,357.27,1
81.29,12.74
1,11.80,23.13,81.94,0
2,97.29,54.45,254.94,1
3,33.55,62.56,172.66,1
4,35.38,6.05,261.71,0
5,44.94,45.58,357.27,1
81.29,12.74
1,11.80,23.13,81.94,0
2,97.29,54.45,254.94,1
3,92.22,77.17,160.53,1
4,35.38,6.05,261.71,0
5,44.94,45.58,357.27,1
81.29,12.74
1,11.80,23.13,81.94,0
2,97.29,54.45,254.94,1
3,92.22,77.17,160.53,1
4,33.36,98.03,255.85,0
5,44.94,45.58,357.27,1
81.29,12.74
1,11.80,23.13,81.94,0
2,97.29,54.45,254.94,1
3,92.22,77.17,160.53,1
4,33.36,98.03,255.85,0
5,80.34,80.43,44.55,1
81.29,12.74
1,35.13,32.98,22.88,0
2,97.29,54.45,254.94,1
3,92.22,77.17,160.53,1
4,33.36,98.03,255.85,0
5,80.34,80.43,44.55,1
81.29,12.74
1,35.13,32.98,22.88,0
2,97.96,48.57,276.46,1
3,92.22,77.17,160.53,1
4,33.36,98.03,255.85,0
5,80.34,80.43,44.55,1
81.29,12.74
1,35.13,32.98,22.88,0
2,97.96,48.57,276.46,1
3,74.06,70.78,199.39,1
4,33.36,98.03,255.85,0
5,80.34,80.43,44.55,1
81.29,12.74
1,35.13,32.98,22.88,0
2,97.96,48.57,276.46,1
3,74.06,70.78,199.39,1
4,14.95,70.83,235.91,0
5,80.34,80.43,44.55,1
81.29,12.74
1,35.13,32.98,22.88,0
2,97.96,48.57,276.46,1
3,74.06,70.78,199.39,1
4,14.95,70.83,235.91,0
5,6.22,82.43,4.42,1
81.29,12.74
1,40.60,40.38,53.54,0
2,97.96,48.57,276.46,1
3,74.06,70.78,199.39,1
4,14.95,70.83,235.91,0
5,6.22,82.43,4.42,1
81.29,12.74
1,40.60,40.38,53.54,0
2,17.25,35.23,325.34,1
3,74.06,70.78,199.39,1
4,14.95,70.83,235.91,0
5,6.22,82.43,4.42,1
81.29,12.74
1,40.60,40.38,53.54,0
2,17.25,35.23,325.34,1
3,73.89,70.73,196.98,1
4,14.95,70.83,235.91,0
5,6.22,82.43,4.42,1
81.29,12.74
1,40.60,40.38,53.54,0
2,17.25,35.23,325.34,1
3,73.89,70.73,196.98,1
4,15.26,66.07,273.76,0
5,6.22,82.43,4.42,1
81.29,12.74
1,40.60,40.38,53.54,0
2,17.25,35.23,325.34,1
3,73.89,70.73,196.98,1
4,15.26,66.07,273.76,0
5,6.87,82.79,29.60,1
81.29,12.74
1,42.43,46.71,73.86,0
2,17.25,35.23,325.34,1
3,73.89,70.73,196.98,1
4,15.26,66.07,273.76,0
5,6.87,82.79,29.60,1
81.29,12.74
1,42.43,46.71,73.86,0
2,18.41,35.33,5.15,1
3,73.89,70.73,196.98,1
4,15.26,66.07,273.76,0
5,6.87,82.79,29.60,1
81.29,12.74
1,42.43,46.71,73.86,0
2,18.41,35.33,5.15,1
3,65.98,62.79,225.11,1
4,15.26,66.07,273.76,0
5,6.87,82.79,29.60,1
81.29,12.74
1,42.43,46.71,73.86,0
2,18.41,35.33,5.15,1
3,65.98,62.79,225.11,1
4,0.10,19.02,252.14,0
5,6.87,82.79,29.60,1
81.29,12.74
1,42.43,46.71,73.86,0
2,18.41,35.33,5.15,1
3,65.98,62.79,225.11,1
4,0.10,19.02,252.14,0
5,11.63,86.04,34.32,1
81.29,12.74
1,42.28,47.95,97.17,0
2,18.41,35.33,5.15,1
3,65.98,62.79,225.11,1
4,0.10,19.02,252.14,0
5,11.63,86.04,34.32,1
81.29,12.74
1,42.28,47.95,97.17,0
2,36.58,28.15,338.44,1
3,65.98,62.79,225.11,1
4,0.10,19.02,252.14,0
5,11.63,86.04,34.32,1
81.29,12.74
1,42.28,47.95,97.17,0
2,36.58,28.15,338.44,1
3,51.76,59.60,192.63,1
4,0.10,19.02,252.14,0
5,11.63,86.04,34.32,1
81.29,12.74
1,42.28,47.95,97.17,0
2,36.58,28.15,338.44,1
3,51.76,59.60,192.63,1
4,71.61,91.85,223.65,0
5,11.63,86.04,34.32,1
81.29,12.74
1,42.28,47.95,97.17,0
2,36.58,28.15,338.44,1
3,51.76,59.60,192.63,1
4,71.61,91.85,223.65,0
5,37.39,23.15,55.22,1
81.29,12.74
1,78.59,82.28,43.39,0
2,36.58,28.15,338.44,1
3,51.76,59.60,192.63,1
4,71.61,91.85,223.65,0
5,37.39,23.15,55.22,1
81.29,12.74
1,78.59,82.28,43.39,0
2,40.87,28.79,8.52,1
3,51.76,59.60,192.63,1
4,71.61,91.85,223.65,0
5,37.39,23.15,55.22,1
81.29,12.74
1,78.59,82.28,43.39,0
2,40.87,28.79,8.52,1
3,31.86,61.43,174.74,1
4,71.61,91.85,223.65,0
5,37.39,23.15,55.22,1
81.29,12.74
1,78.59,82.28,43.39,0
2,40.87,28.79,8.52,1
3,31.86,61.43,174.74,1
4,71.14,86.41,265.00,0
5,37.39,23.15,55.22,1
81.29,12.74
1,78.59,82.28,43.39,0
2,40.87,28.79,8.52,1
3,31.86,61.43,174.74,1
4,71.14,86.41,265.00,0
5,21.69,57.45,114.60,1
81.29,12.74
1,84.78,85.07,24.29,0
2,40.87,28.79,8.52,1
3,31.86,61.43,174.74,1
4,71.14,86.41,265.00,0
5,21.69,57.45,114.60,1
81.29,12.74
1,84.78,85.07,24.29,0
2,60.07,68.90,64.41,1
3,31.86,61.43,174.74,1
4,71.14,86.41,265.00,0
5,21.69,57.45,114.60,1
81.29,12.74
1,84.78,85.07,24.29,0
2,60.07,68.90,64.41,1
3,10.30,74.61,148.57,1
4,71.14,86.41,265.00,0
5,21.69,57.45,114.60,1
81.29,12.74
1,84.78,85.07,24.29,0
2,60.07,68.90,64.41,1
3,10.30,74.61,148.57,1
4,79.29,67.79,293.65,0
5,21.69,57.45,114.60,1
81.29,12.74
1,84.78,85.07,24.29,0
2,60.07,68.90,64.41,1
3,10.30,74.61,148.57,1
4,79.29,67.79,293.65,0
5,5.58,62.80,161.64,1
81.29,12.74
1,25.93,90.16,7.05,0
2,60.07,68.90,64.41,1
3,10.30,74.61,148.57,1
4,79.29,67.79,293.65,0
5,5.58,62.80,161.64,1
81.29,12.74
1,25.93,90.16,7.05,0
2,57.16,92.68,96.97,1
3,10.30,74.61,148.57,1
4,79.29,67.79,293.65,0
5,5.58,62.80,161.64,1
81.29,12.74
1,25.93,90.16,7.05,0
2,57.16,92.68,96.97,1
3,96.90,86.86,137.56,1
4,79.29,67.79,293.65,0
5,5.58,62.80,161.64,1
81.29,12.74
1,25.93,90.16,7.05,0
2,57.16,92.68,96.97,1
3,96.90,86.86,137.56,1
4,87.66,61.91,324.91,0
5,5.58,62.80,161.64,1
81.29,12.74
1,25.93,90.16,7.05,0
2,57.16,92.68,96.97,1
3,96.90,86.86,137.56,1
4,87.66,61.91,324.91,0
5,96.40,69.93,142.13,1
81.29,12.74
1,38.31,1.54,42.58,0
2,57.16,92.68,96.97,1
3,96.90,86.86,137.56,1
4,87.66,61.91,324.91,0
5,96.40,69.93,142.13,1
81.29,12.74
1,38.31,1.54,42.58,0
2,33.10,12.83,140.06,1
3,96.90,86.86,137.56,1
4,87.66,61.91,324.91,0
5,96.40,69.93,142.13,1
81.29,12.74
1,38.31,1.54,42.58,0
2,33.10,12.83,140.06,1
3,97.58,96.08,85.78,1
4,87.66,61.91,324.91,0
5,96.40,69.93,142.13,1
81.29,12.74
1,38.31,1.54,42.58,0
2,33.10,12.83,140.06,1
3,97.58,96.08,85.78,1
4,88.59,61.77,351.21,0
5,96.40,69.93,142.13,1
81.29,12.74
1,38.31,1.54,42.58,0
2,33.10,12.83,140.06,1
3,97.58,96.08,85.78,1
4,88.59,61.77,351.21,0
5,61.68,73.20,174.63,1
81.29,12.74
1,61.98,43.13,60.36,0
2,33.10,12.83,140.06,1
3,97.58,96.08,85.78,1
4,88.59,61.77,351.21,0
5,61.68,73.20,174.63,1
81.29,12.74
1,61.98,43.13,60.36,0
2,27.13,11.02,196.91,1
3,97.58,96.08,85.78,1
4,88.59,61.77,351.21,0
5,61.68,73.20,174.63,1
81.29,12.74
1,61.98,43.13,60.36,0
2,27.13,11.02,196.91,1
3,5.55,27.91,75.95,1
4,88.59,61.77,351.21,0
5,61.68,73.20,174.63,1
81.29,12.74
1,61.98,43.13,60.36,0
2,27.13,11.02,196.91,1
3,5.55,27.91,75.95,1
4,7.08,63.74,6.09,0
5,61.68,73.20,174.63,1
81.29,12.74
1,61.98,43.13,60.36,0
2,27.13,11.02,196.91,1
3,5.55,27.91,75.95,1
4,7.08,63.74,6.09,0
5,25.65,42.40,220.52,1
81.29,12.74
1,76.15,47.00,15.25,0
2,27.13,11.02,196.91,1
3,5.55,27.91,75.95,1
4,7.08,63.74,6.09,0
5,25.65,42.40,220.52,1
81.29,12.74
1,76.15,47.00,15.25,0
2,82.91,23.32,164.45,1
3,5.55,27.91,75.95,1
4,7.08,63.74,6.09,0
5,25.65,42.40,220.52,1
81.29,12.74
1,76.15,47.00,15.25,0
2,82.91,23.32,164.45,1
3,12.24,69.12,80.77,1
4,7.08,63.74,6.09,0
5,25.65,42.40,220.52,1
81.29,12.74
1,76.15,47.00,15.25,0
2,82.91,23.32,164.45,1
3,12.24,69.12,80.77,1
4,10.61,68.48,53.27,0
5,25.65,42.40,220.52,1
34.91,2.70
1,76.15,47.00,15.25,0
2,82.91,23.32,164.45,1
3,12.24,69.12,80.77,1
4,10.61,68.48,53.27,0
5,92.29,22.79,210.45,2
34.91,2.70
1,93.70,67.09,48.87,0
2,82.91,23.32,164.45,1
3,12.24,69.12,80.77,1
4,10.61,68.48,53.27,0
5,92.29,22.79,210.45,2
34.91,2.70
1,93.70,67.09,48.87,0
2,81.38,24.22,149.42,1
3,12.24,69.12,80.77,1
4,10.61,68.48,53.27,0
5,92.29,22.79,210.45,2
34.91,2.70
1,93.70,67.09,48.87,0
2,81.38,24.22,149.42,1
3,46.15,91.19,33.06,1
4,10.61,68.48,53.27,0
5,92.29,22.79,210.45,2
34.91,2.70
1,93.70,67.09,48.87,0
2,81.38,24.22,149.42,1
3,46.15,91.19,33.06,1
4,32.32,95.42,51.15,0
5,92.29,22.79,210.45,2
34.91,2.70
1,93.70,67.09,48.87,0
2,81.38,24.22,149.42,1
3,46.15,91.19,33.06,1
4,32.32,95.42,51.15,0
5,65.33,82.50,236.21,2
34.91,2.70
1,6.18,73.14,25.86,0
2,81.38,24.22,149.42,1
3,46.15,91.19,33.06,1
4,32.32,95.42,51.15,0
5,65.33,82.50,236.21,2
34.91,2.70
1,6.18,73.14,25.86,0
2,64.08,24.73,178.33,1
3,46.15,91.19,33.06,1
4,32.32,95.42,51.15,0
5,65.33,82.50,236.21,2
34.91,2.70
1,6.18,73.14,25.86,0
2,64.08,24.73,178.33,1
3,85.02,82.79,347.80,1
4,32.32,95.42,51.15,0
5,65.33,82.50,236.21,2
34.91,2.70
1,6.18,73.14,25.86,0
2,64.08,24.73,178.33,1
3,85.02,82.79,347.80,1
4,68.10,20.85,35.39,0
5,65.33,82.50,236.21,2
34.91,2.70
1,6.18,73.14,25.86,0
2,64.08,24.73,178.33,1
3,85.02,82.79,347.80,1
4,68.10,20.85,35.39,0
5,63.25,81.56,204.30,2
34.91,2.70
1,31.46,66.28,344.82,0
2,64.08,24.73,178.33,1
3,85.02,82.79,347.80,1
4,68.10,20.85,35.39,0
5,63.25,81.56,204.30,2
34.91,2.70
1,31.46,66.28,344.82,0
2,27.97,29.55,172.39,1
3,85.02,82.79,347.80,1
4,68.10,20.85,35.39,0
5,63.25,81.56,204.30,2
34.91,2.70
1,31.46,66.28,344.82,0
2,27.97,29.55,172.39,1
3,89.47,86.01,35.84,1
4,68.10,20.85,35.39,0
5,63.25,81.56,204.30,2
34.91,2.70
1,31.46,66.28,344.82,0
2,27.97,29.55,172.39,1
3,89.47,86.01,35.84,1
4,85.54,27.41,20.62,0
5,63.25,81.56,204.30,2
34.91,2.70
1,31.46,66.28,344.82,0
2,27.97,29.55,172.39,1
3,89.47,86.01,35.84,1
4,85.54,27.41,20.62,0
5,21.04,58.33,208.82,2
34.91,2.70
1,42.55,67.20,4.74,0
2,27.97,29.55,172.39,1
3,89.47,86.01,35.84,1
4,85.54,27.41,20.62,0
5,21.04,58.33,208.82,2
34.91,2.70
1,42.55,67.20,4.74,0
2,2.06,6.86,221.20,1
3,89.47,86.01,35.84,1
4,85.54,27.41,20.62,0
5,21.04,58.33,208.82,2
34.91,2.70
1,42.55,67.20,4.74,0
2,2.06,6.86,221.20,1
3,94.30,85.86,358.23,1
4,85.54,27.41,20.62,0
5,21.04,58.33,208.82,2
34.91,2.70
1,42.55,67.20,4.74,0
2,2.06,6.86,221.20,1
3,94.30,85.86,358.23,1
4,92.27,63.18,79.35,0
5,21.04,58.33,208.82,2
34.91,2.70
1,42.55,67.20,4.74,0
2,2.06,6.86,221.20,1
3,94.30,85.86,358.23,1
4,92.27,63.18,79.35,0
5,15.53,43.77,249.29,2
34.91,2.70
1,58.41,56.96,327.17,0
2,2.06,6.86,221.20,1
3,94.30,85.86,358.23,1
4,92.27,63.18,79.35,0
5,15.53,43.77,249.29,2
66.99,3.75
1,58.41,56.96,327.17,0
2,56.02,7.06,179.75,2
3,94.30,85.86,358.23,1
4,92.27,63.18,79.35,0
5,15.53,43.77,249.29,2
66.99,3.75
1,58.41,56.96,327.17,0
2,56.02,7.06,179.75,2
3,6.04,98.98,48.18,1
4,92.27,63.18,79.35,0
5,15.53,43.77,249.29,2
66.99,3.75
1,58.41,56.96,327.17,0
2,56.02,7.06,179.75,2
3,6.04,98.98,48.18,1
4,2.43,86.87,66.79,0
5,15.53,43.77,249.29,2
66.99,3.75
1,58.41,56.96,327.17,0
2,56.02,7.06,179.75,2
3,6.04,98.98,48.18,1
4,2.43,86.87,66.79,0
5,99.73,35.45,207.76,2
66.99,3.75
1,57.60,7.42,269.06,0
2,56.02,7.06,179.75,2
3,6.04,98.98,48.18,1
4,2.43,86.87,66.79,0
5,99.73,35.45,207.76,2
66.99,3.75
1,57.60,7.42,269.06,0
2,24.20,10.70,173.47,2
3,6.04,98.98,48.18,1
4,2.43,86.87,66.79,0
5,99.73,35.45,207.76,2
66.99,3.75
1,57.60,7.42,269.06,0
2,24.20,10.70,173.47,2
3,0.49,38.21,98.05,1
4,2.43,86.87,66.79,0
5,99.73,35.45,207.76,2
66.99,3.75
1,57.60,7.42,269.06,0
2,24.20,10.70,173.47,2
3,0.49,38.21,98.05,1
4,94.59,6.79,111.48,0
5,99.73,35.45,207.76,2
66.99,3.75
1,57.60,7.42,269.06,0
2,24.20,10.70,173.47,2
3,0.49,38.21,98.05,1
4,94.59,6.79,111.48,0
5,97.02,33.25,219.09,2
66.99,3.75
1,40.78,61.43,249.91,0
2,24.20,10.70,173.47,2
3,0.49,38.21,98.05,1
4,94.59,6.79,111.48,0
5,97.02,33.25,219.09,2
66.99,3.75
1,40.78,61.43,249.91,0
2,98.40,88.58,220.62,2
3,0.49,38.21,98.05,1
4,94.59,6.79,111.48,0
5,97.02,33.25,219.09,2
66.99,3.75
1,40.78,61.43,249.91,0
2,98.40,88.58,220.62,2
3,99.06,50.28,96.74,1
4,94.59,6.79,111.48,0
5,97.02,33.25,219.09,2
66.99,3.75
1,40.78,61.43,249.91,0
2,98.40,88.58,220.62,2
3,99.06,50.28,96.74,1
4,3.03,25.99,66.26,0
5,97.02,33.25,219.09,2
66.99,3.75
1,40.78,61.43,249.91,0
2,98.40,88.58,220.62,2
3,99.06,50.28,96.74,1
4,3.03,25.99,66.26,0
5,88.06,31.85,188.87,2
66.99,3.75
1,26.17,47.19,224.25,0
2,98.40,88.58,220.62,2
3,99.06,50.28,96.74,1
4,3.03,25.99,66.26,0
5,88.06,31.85,188.87,2
66.99,3.75
1,26.17,47.19,224.25,0
2,78.91,52.98,241.30,2
3,99.06,50.28,96.74,1
4,3.03,25.99,66.26,0
5,88.06,31.85,188.87,2
66.99,3.75
1,26.17,47.19,224.25,0
2,78.91,52.98,241.30,2
3,91.48,71.42,109.74,1
4,3.03,25.99,66.26,0
5,88.06,31.85,188.87,2
66.99,3.75
1,26.17,47.19,224.25,0
2,78.91,52.98,241.30,2
3,91.48,71.42,109.74,1
4,12.75,30.10,22.92,0
5,88.06,31.85,188.87,2
66.99,3.75
1,26.17,47.19,224.25,0
2,78.91,52.98,241.30,2
3,91.48,71.42,109.74,1
4,12.75,30.10,22.92,0
5,63.71,7.54,224.95,2
66.99,3.75
1,19.22,46.84,182.87,0
2,78.91,52.98,241.30,2
3,91.48,71.42,109.74,1
4,12.75,30.10,22.92,0
5,63.71,7.54,224.95,2
66.99,3.75
1,19.22,46.84,182.87,0
2,58.43,29.28,229.16,2
3,91.48,71.42,109.74,1
4,12.75,30.10,22.92,0
5,63.71,7.54,224.95,2
66.99,3.75
1,19.22,46.84,182.87,0
2,58.43,29.28,229.16,2
3,72.69,83.20,147.92,1
4,12.75,30.10,22.92,0
5,63.71,7.54,224.95,2
66.99,3.75
1,19.22,46.84,182.87,0
2,58.43,29.28,229.16,2
3,72.69,83.20,147.92,1
4,18.90,30.56,4.32,0
5,63.71,7.54,224.95,2
66.99,3.75
1,19.22,46.84,182.87,0
2,58.43,29.28,229.16,2
3,72.69,83.20,147.92,1
4,18.90,30.56,4.32,0
5,51.22,97.41,219.04,2
66.99,3.75
1,88.93,62.98,151.95,0
2,58.43,29.28,229.16,2
3,72.69,83.20,147.92,1
4,18.90,30.56,4.32,0
5,51.22,97.41,219.04,2
66.99,3.75
1,88.93,62.98,151.95,0
2,32.17,0.46,227.66,2
3,72.69,83.20,147.92,1
4,18.90,30.56,4.32,0
5,51.22,97.41,219.04,2
66.99,3.75
1,88.93,62.98,151.95,0
2,32.17,0.46,227.66,2
3,67.43,88.10,136.99,1
4,18.90,30.56,4.32,0
5,51.22,97.41,219.04,2
66.99,3.75
1,88.93,62.98,151.95,0
2,32.17,0.46,227.66,2
3,67.43,88.10,136.99,1
4,20.97,31.00,11.94,0
5,51.22,97.41,219.04,2
66.99,3.75
1,88.93,62.98,151.95,0
2,32.17,0.46,227.66,2
3,67.43,88.10,136.99,1
4,20.97,31.00,11.94,0
5,43.50,49.03,260.93,2
66.99,3.75
1,82.04,62.47,184.24,0
2,32.17,0.46,227.66,2
3,67.43,88.10,136.99,1
4,20.97,31.00,11.94,0
5,43.50,49.03,260.93,2
66.99,3.75
1,82.04,62.47,184.24,0
2,32.09,97.52,268.35,2
3,67.43,88.10,136.99,1
4,20.97,31.00,11.94,0
5,43.50,49.03,260.93,2
66.99,3.75
1,82.04,62.47,184.24,0
2,32.09,97.52,268.35,2
3,63.87,33.59,94.47,1
4,20.97,31.00,11.94,0
5,43.50,49.03,260.93,2
66.99,3.75
1,82.04,62.47,184.24,0
2,32.09,97.52,268.35,2
3,63.87,33.59,94.47,1
4,46.03,44.13,27.65,0
5,43.50,49.03,260.93,2
66.99,3.75
1,82.04,62.47,184.24,0
2,32.09,97.52,268.35,2
3,63.87,33.59,94.47,1
4,46.03,44.13,27.65,0
5,21.37,24.15,228.34,2
66.99,3.75
1,75.77,70.36,128.45,0
2,32.09,97.52,268.35,2
3,63.87,33.59,94.47,1
4,46.03,44.13,27.65,0
5,21.37,24.15,228.34,2
66.99,3.75
1,75.77,70.36,128.45,0
2,36.80,53.60,276.13,2
3,63.87,33.59,94.47,1
4,46.03,44.13,27.65,0
5,21.37,24.15,228.34,2
66.99,3.75
1,75.77,70.36,128.45,0
2,36.80,53.60,276.13,2
3,68.26,40.57,57.89,1
4,46.03,44.13,27.65,0
5,21.37,24.15,228.34,2
66.99,3.75
1,75.77,70.36,128.45,0
2,36.80,53.60,276.13,2
3,68.26,40.57,57.89,1
4,50.44,76.79,82.32,0
5,21.37,24.15,228.34,2
66.99,3.75
1,75.77,70.36,128.45,0
2,36.80,53.60,276.13,2
3,68.26,40.57,57.89,1
4,50.44,76.79,82.32,0
5,6.76,4.48,233.39,2
66.99,3.75
1,62.08,75.98,157.69,0
2,36.80,53.60,276.13,2
3,68.26,40.57,57.89,1
4,50.44,76.79,82.32,0
5,6.76,4.48,233.39,2
66.99,3.75
1,62.08,75.98,157.69,0
2,11.45,34.42,217.10,2
3,68.26,40.57,57.89,1
4,50.44,76.79,82.32,0
5,6.76,4.48,233.39,2
66.99,3.75
1,62.08,75.98,157.69,0
2,11.45,34.42,217.10,2
3,65.51,51.27,104.41,1
4,50.44,76.79,82.32,0
5,6.76,4.48,233.39,2
66.99,3.75
1,62.08,75.98,157.69,0
2,11.45,34.42,217.10,2
3,65.51,51.27,104.41,1
4,52.48,80.33,60.05,0
5,6.76,4.48,233.39,2
66.99,3.75
1,62.08,75.98,157.69,0
2,11.45,34.42,217.10,2
3,65.51,51.27,104.41,1
4,52.48,80.33,60.05,0
5,71.69,98.15,190.24,2
66.99,3.75
1,52.60,10.27,105.47,0
2,11.45,34.42,217.10,2
3,65.51,51.27,104.41,1
4,52.48,80.33,60.05,0
5,71.69,98.15,190.24,2
66.99,3.75
1,52.60,10.27,105.47,0
2,91.20,30.39,191.25,2
3,65.51,51.27,104.41,1
4,52.48,80.33,60.05,0
5,71.69,98.15,190.24,2
66.99,3.75
1,52.60,10.27,105.47,0
2,91.20,30.39,191.25,2
3,29.68,73.39,148.30,1
4,52.48,80.33,60.05,0
5,71.69,98.15,190.24,2
66.99,3.75
1,52.60,10.27,105.47,0
2,91.20,30.39,191.25,2
3,29.68,73.39,148.30,1
4,69.25,85.78,17.98,0
5,71.69,98.15,190.24,2
66.99,3.75
1,52.60,10.27,105.47,0
2,91.20,30.39,191.25,2
3,29.68,73.39,148.30,1
4,69.25,85.78,17.98,0
5,40.23,65.03,226.47,2
66.99,3.75
1,56.18,15.17,53.84,0
2,91.20,30.39,191.25,2
3,29.68,73.39,148.30,1
4,69.25,85.78,17.98,0
5,40.23,65.03,226.47,2
66.99,3.75
1,56.18,15.17,53.84,0
2,42.43,25.69,185.51,2
3,29.68,73.39,148.30,1
4,69.25,85.78,17.98,0
5,40.23,65.03,226.47,2
66.99,3.75
1,56.18,15.17,53.84,0
2,42.43,25.69,185.51,2
3,2.19,63.73,199.37,1
4,69.25,85.78,17.98,0
5,40.23,65.03,226.47,2
66.99,3.75
1,56.18,15.17,53.84,0
2,42.43,25.69,185.51,2
3,2.19,63.73,199.37,1
4,72.12,92.21,65.98,0
5,40.23,65.03,226.47,2
66.99,3.75
1,56.18,15.17,53.84,0
2,42.43,25.69,185.51,2
3,2.19,63.73,199.37,1
4,72.12,92.21,65.98,0
5,23.57,65.60,178.04,2
66.99,3.75
1,70.25,22.52,27.59,0
2,42.43,25.69,185.51,2
3,2.19,63.73,199.37,1
4,72.12,92.21,65.98,0
5,23.57,65.60,178.04,2
66.99,3.75
1,70.25,22.52,27.59,0
2,11.35,52.31,139.43,2
3,2.19,63.73,199.37,1
4,72.12,92.21,65.98,0
5,23.57,65.60,178.04,2
66.99,3.75
1,70.25,22.52,27.59,0
2,11.35,52.31,139.43,2
3,82.10,68.65,166.25,1
4,72.12,92.21,65.98,0
5,23.57,65.60,178.04,2
66.99,3.75
1,70.25,22.52,27.59,0
2,11.35,52.31,139.43,2
3,82.10,68.65,166.25,1
4,17.75,2.32,12.50,0
5,23.57,65.60,178.04,2
66.99,3.75
1,70.25,22.52,27.59,0
2,11.35,52.31,139.43,2
3,82.10,68.65,166.25,1
4,17.75,2.32,12.50,0
5,1.96,83.98,139.63,2
66.99,3.75
1,9.95,41.60,25.66,0
2,11.35,52.31,139.43,2
3,82.10,68.65,166.25,1
4,17.75,2.32,12.50,0
5,1.96,83.98,139.63,2
66.99,3.75
1,9.95,41.60,25.66,0
2,4.45,50.20,197.00,2
3,82.10,68.65,166.25,1
4,17.75,2.32,12.50,0
5,1.96,83.98,139.63,2
66.99,3.75
1,9.95,41.60,25.66,0
2,4.45,50.20,197.00,2
3,76.21,66.03,203.94,1
4,17.75,2.32,12.50,0
5,1.96,83.98,139.63,2
66.99,3.75
1,9.95,41.60,25.66,0
2,4.45,50.20,197.00,2
3,76.21,66.03,203.94,1
4,33.21,34.00,63.99,0
5,1.96,83.98,139.63,2
66.99,3.75
1,9.95,41.60,25.66,0
2,4.45,50.20,197.00,2
3,76.21,66.03,203.94,1
4,33.21,34.00,63.99,0
5,74.28,96.48,155.70,2
66.99,3.75
1,51.25,42.12,0.72,0
2,4.45,50.20,197.00,2
3,76.21,66.03,203.94,1
4,33.21,34.00,63.99,0
5,74.28,96.48,155.70,2
66.99,3.75
1,51.25,42.12,0.72,0
2,54.67,53.62,176.07,2
3,76.21,66.03,203.94,1
4,33.21,34.00,63.99,0
5,74.28,96.48,155.70,2
66.99,3.75
1,51.25,42.12,0.72,0
2,54.67,53.62,176.07,2
3,61.26,56.77,211.78,1
4,33.21,34.00,63.99,0
5,74.28,96.48,155.70,2
66.99,3.75
1,51.25,42.12,0.72,0
2,54.67,53.62,176.07,2
3,61.26,56.77,211.78,1
4,52.68,78.53,66.38,0
5,74.28,96.48,155.70,2
66.99,3.75
1,51.25,42.12,0.72,0
2,54.67,53.62,176.07,2
3,61.26,56.77,211.78,1
4,52.68,78.53,66.38,0
5,59.58,95.22,184.87,2
66.99,3.75
1,66.59,23.38,309.29,0
2,54.67,53.62,176.07,2
3,61.26,56.77,211.78,1
4,52.68,78.53,66.38,0
5,59.58,95.22,184.87,2
66.99,3.75
1,66.59,23.38,309.29,0
2,49.43,62.87,119.53,2
3,61.26,56.77,211.78,1
4,52.68,78.53,66.38,0
5,59.58,95.22,184.87,2
66.99,3.75
1,66.59,23.38,309.29,0
2,49.43,62.87,119.53,2
3,49.30,32.37,243.91,1
4,52.68,78.53,66.38,0
5,59.58,95.22,184.87,2
66.99,3.75
1,66.59,23.38,309.29,0
2,49.43,62.87,119.53,2
3,49.30,32.37,243.91,1
4,51.72,89.74,94.91,0
5,59.58,95.22,184.87,2
66.99,3.75
1,66.59,23.38,309.29,0
2,49.43,62.87,119.53,2
3,49.30,32.37,243.91,1
4,51.72,89.74,94.91,0
5,29.09,0.36,170.43,2
66.99,3.75
1,69.00,21.84,327.57,0
2,49.43,62.87,119.53,2
3,49.30,32.37,243.91,1
4,51.72,89.74,94.91,0
5,29.09,0.36,170.43,2
66.99,3.75
1,69.00,21.84,327.57,0
2,62.94,92.44,65.45,2
3,49.30,32.37,243.91,1
4,51.72,89.74,94.91,0
5,29.09,0.36,170.43,2
66.99,3.75
1,69.00,21.84,327.57,0
2,62.94,92.44,65.45,2
3,67.01,88.04,291.77,1
4,51.72,89.74,94.91,0
5,29.09,0.36,170.43,2
66.99,3.75
1,69.00,21.84,327.57,0
2,62.94,92.44,65.45,2
3,67.01,88.04,291.77,1
4,47.77,98.68,113.83,0
5,29.09,0.36,170.43,2
66.99,3.75
1,69.00,21.84,327.57,0
2,62.94,92.44,65.45,2
3,67.01,88.04,291.77,1
4,47.77,98.68,113.83,0
5,10.99,5.70,163.56,2
66.99,3.75
1,91.41,26.76,12.38,0
2,62.94,92.44,65.45,2
3,67.01,88.04,291.77,1
4,47.77,98.68,113.83,0
5,10.99,5.70,163.56,2
66.99,3.75
1,91.41,26.76,12.38,0
2,64.94,94.22,41.62,2
3,67.01,88.04,291.77,1
4,47.77,98.68,113.83,0
5,10.99,5.70,163.56,2
66.99,3.75
1,91.41,26.76,12.38,0
2,64.94,94.22,41.62,2
3,72.73,64.85,283.85,1
4,47.77,98.68,113.83,0
5,10.99,5.70,163.56,2
66.99,3.75
1,91.41,26.76,12.38,0
2,64.94,94.22,41.62,2
3,72.73,64.85,283.85,1
4,3.39,6.33,170.22,0
5,10.99,5.70,163.56,2
66.99,3.75
1,91.41,26.76,12.38,0
2,64.94,94.22,41.62,2
3,72.73,64.85,283.85,1
4,3.39,6.33,170.22,0
5,95.58,28.08,124.57,2
66.99,3.75
1,8.34,15.31,325.92,0
2,64.94,94.22,41.62,2
3,72.73,64.85,283.85,1
4,3.39,6.33,170.22,0
5,95.58,28.08,124.57,2
66.99,3.75
1,8.34,15.31,325.92,0
2,72.96,30.87,77.65,2
3,72.73,64.85,283.85,1
4,3.39,6.33,170.22,0
5,95.58,28.08,124.57,2
66.99,3.75
1,8.34,15.31,325.92,0
2,72.96,30.87,77.65,2
3,81.58,58.47,324.20,1
4,3.39,6.33,170.22,0
5,95.58,28.08,124.57,2
66.99,3.75
1,8.34,15.31,325.92,0
2,72.96,30.87,77.65,2
3,81.58,58.47,324.20,1
4,66.39,77.70,217.74,0
5,95.58,28.08,124.57,2
66.99,3.75
1,8.34,15.31,325.92,0
2,72.96,30.87,77.65,2
3,81.58,58.47,324.20,1
4,66.39,77.70,217.74,0
5,66.87,42.05,154.05,2
66.99,3.75
1,39.30,28.78,23.52,0
2,72.96,30.87,77.65,2
3,81.58,58.47,324.20,1
4,66.39,77.70,217.74,0
5,66.87,42.05,154.05,2
66.99,3.75
1,39.30,28.78,23.52,0
2,99.83,56.37,43.50,2
3,81.58,58.47,324.20,1
4,66.39,77.70,217.74,0
5,66.87,42.05,154.05,2
66.99,3.75
1,39.30,28.78,23.52,0
2,99.83,56.37,43.50,2
3,25.99,38.42,335.70,1
4,66.39,77.70,217.74,0
5,66.87,42.05,154.05,2
66.99,3.75
1,39.30,28.78,23.52,0
2,99.83,56.37,43.50,2
3,25.99,38.42,335.70,1
4,35.98,79.61,176.39,0
5,66.87,42.05,154.05,2
66.99,3.75
1,39.30,28.78,23.52,0
2,99.83,56.37,43.50,2
3,25.99,38.42,335.70,1
4,35.98,79.61,176.39,0
5,33.36,38.95,185.28,2
66.99,3.75
1,67.33,40.89,23.37,0
2,99.83,56.37,43.50,2
3,25.99,38.42,335.70,1
4,35.98,79.61,176.39,0
5,33.36,38.95,185.28,2
66.99,3.75
1,67.33,40.89,23.37,0
2,23.04,66.20,22.95,2
3,25.99,38.42,335.70,1
4,35.98,79.61,176.39,0
5,33.36,38.95,185.28,2
53.60,68.01
1,67.33,40.89,23.37,0
2,23.04,66.20,22.95,2
3,48.40,16.58,315.74,2
4,35.98,79.61,176.39,0
5,33.36,38.95,185.28,2
53.60,68.01
1,67.33,40.89,23.37,0
2,23.04,66.20,22.95,2
3,48.40,16.58,315.74,2
4,9.38,62.62,212.57,0
5,33.36,38.95,185.28,2
53.60,68.01
1,67.33,40.89,23.37,0
2,23.04,66.20,22.95,2
3,48.40,16.58,315.74,2
4,9.38,62.62,212.57,0
5,90.29,31.74,189.49,2
53.60,68.01
1,69.79,45.81,63.43,0
2,23.04,66.20,22.95,2
3,48.40,16.58,315.74,2
4,9.38,62.62,212.57,0
5,90.29,31.74,189.49,2
53.60,68.01
1,69.79,45.81,63.43,0
2,30.63,72.14,38.08,2
3,48.40,16.58,315.74,2
4,9.38,62.62,212.57,0
5,90.29,31.74,189.49,2
53.60,68.01
1,69.79,45.81,63.43,0
2,30.63,72.14,38.08,2
3,42.34,79.37,260.75,2
4,9.38,62.62,212.57,0
5,90.29,31.74,189.49,2
53.60,68.01
1,69.79,45.81,63.43,0
2,30.63,72.14,38.08,2
3,42.34,79.37,260.75,2
4,90.84,69.44,159.80,0
5,90.29,31.74,189.49,2
53.60,68.01
1,69.79,45.81,63.43,0
2,30.63,72.14,38.08,2
3,42.34,79.37,260.75,2
4,90.84,69.44,159.80,0
5,80.51,20.57,228.82,2
53.60,68.01
1,83.61,54.01,30.68,0
2,30.63,72.14,38.08,2
3,42.34,79.37,260.75,2
4,90.84,69.44,159.80,0
5,80.51,20.57,228.82,2
53.60,68.01
1,83.61,54.01,30.68,0
2,32.25,73.55,41.08,2
3,42.34,79.37,260.75,2
4,90.84,69.44,159.80,0
5,80.51,20.57,228.82,2
53.60,68.01
1,83.61,54.01,30.68,0
2,32.25,73.55,41.08,2
3,36.56,59.62,253.71,2
4,90.84,69.44,159.80,0
5,80.51,20.57,228.82,2
53.60,68.01
1,83.61,54.01,30.68,0
2,32.25,73.55,41.08,2
3,36.56,59.62,253.71,2
4,83.26,71.85,162.34,0
5,80.51,20.57,228.82,2
53.60,68.01
1,83.61,54.01,30.68,0
2,32.25,73.55,41.08,2
3,36.56,59.62,253.71,2
4,83.26,71.85,162.34,0
5,71.78,21.22,175.75,2
53.60,68.01
1,98.63,51.60,350.89,0
2,32.25,73.55,41.08,2
3,36.56,59.62,253.71,2
4,83.26,71.85,162.34,0
5,71.78,21.22,175.75,2
53.60,68.01
1,98.63,51.60,350.89,0
2,40.35,1.02,73.56,2
3,36.56,59.62,253.71,2
4,83.26,71.85,162.34,0
5,71.78,21.22,175.75,2
53.60,68.01
1,98.63,51.60,350.89,0
2,40.35,1.02,73.56,2
3,41.99,13.19,276.67,2
4,83.26,71.85,162.34,0
5,71.78,21.22,175.75,2
53.60,68.01
1,98.63,51.60,350.89,0
2,40.35,1.02,73.56,2
3,41.99,13.19,276.67,2
4,53.07,56.82,206.45,0
5,71.78,21.22,175.75,2
53.60,68.01
1,98.63,51.60,350.89,0
2,40.35,1.02,73.56,2
3,41.99,13.19,276.67,2
4,53.07,56.82,206.45,0
5,29.33,4.29,201.74,2
53.60,68.01
1,12.64,65.27,44.30,0
2,40.35,1.02,73.56,2
3,41.99,13.19,276.67,2
4,53.07,56.82,206.45,0
5,29.33,4.29,201.74,2
53.60,68.01
1,12.64,65.27,44.30,0
2,15.09,39.15,123.52,2
3,41.99,13.19,276.67,2
4,53.07,56.82,206.45,0
5,29.33,4.29,201.74,2
53.60,68.01
1,12.64,65.27,44.30,0
2,15.09,39.15,123.52,2
3,45.60,11.44,334.18,2
4,53.07,56.82,206.45,0
5,29.33,4.29,201.74,2
53.60,68.01
1,12.64,65.27,44.30,0
2,15.09,39.15,123.52,2
3,45.60,11.44,334.18,2
4,24.87,36.62,215.62,0
5,29.33,4.29,201.74,2
53.60,68.01
1,12.64,65.27,44.30,0
2,15.09,39.15,123.52,2
3,45.60,11.44,334.18,2
4,24.87,36.62,215.62,0
5,25.40,5.19,167.18,2
53.60,68.01
1,13.70,65.36,4.79,0
2,15.09,39.15,123.52,2
3,45.60,11.44,334.18,2
4,24.87,36.62,215.62,0
5,25.40,5.19,167.18,2
53.60,68.01
1,13.70,65.36,4.79,0
2,96.93,42.12,170.71,2
3,45.60,11.44,334.18,2
4,24.87,36.62,215.62,0
5,25.40,5.19,167.18,2
53.60,68.01
1,13.70,65.36,4.79,0
2,96.93,42.12,170.71,2
3,76.14,15.84,8.19,2
4,24.87,36.62,215.62,0
5,25.40,5.19,167.18,2
53.60,68.01
1,13.70,65.36,4.79,0
2,96.93,42.12,170.71,2
3,76.14,15.84,8.19,2
4,19.65,91.76,263.36,0
5,25.40,5.19,167.18,2
53.60,68.01
1,13.70,65.36,4.79,0
2,96.93,42.12,170.71,2
3,76.14,15.84,8.19,2
4,19.65,91.76,263.36,0
5,7.95,1.45,192.09,2
53.60,68.01
1,41.19,88.79,40.44,0
2,96.93,42.12,170.71,2
3,76.14,15.84,8.19,2
4,19.65,91.76,263.36,0
5,7.95,1.45,192.09,2
53.60,68.01
1,41.19,88.79,40.44,0
2,76.91,36.71,195.12,2
3,76.14,15.84,8.19,2
4,19.65,91.76,263.36,0
5,7.95,1.45,192.09,2
53.60,68.01
1,41.19,88.79,40.44,0
2,76.91,36.71,195.12,2
3,87.61,11.96,341.33,2
4,19.65,91.76,263.36,0
5,7.95,1.45,192.09,2
53.60,68.01
1,41.19,88.79,40.44,0
2,76.91,36.71,195.12,2
3,87.61,11.96,341.33,2
4,99.54,80.45,209.37,0
5,7.95,1.45,192.09,2
53.60,68.01
1,41.19,88.79,40.44,0
2,76.91,36.71,195.12,2
3,87.61,11.96,341.33,2
4,99.54,80.45,209.37,0
5,79.41,5.03,172.84,2
53.60,68.01
1,41.69,89.36,48.43,0
2,76.91,36.71,195.12,2
3,87.61,11.96,341.33,2
4,99.54,80.45,209.37,0
5,79.41,5.03,172.84,2
53.60,68.01
1,41.69,89.36,48.43,0
2,47.22,12.45,219.25,2
3,87.61,11.96,341.33,2
4,99.54,80.45,209.37,0
5,79.41,5.03,172.84,2
53.60,68.01
1,41.69,89.36,48.43,0
2,47.22,12.45,219.25,2
3,90.97,12.07,1.91,2
4,99.54,80.45,209.37,0
5,79.41,5.03,172.84,2
53.60,68.01
1,41.69,89.36,48.43,0
2,47.22,12.45,219.25,2
3,90.97,12.07,1.91,2
4,70.04,84.71,171.79,0
5,79.41,5.03,172.84,2
53.60,68.01
1,41.69,89.36,48.43,0
2,47.22,12.45,219.25,2
3,90.97,12.07,1.91,2
4,70.04,84.71,171.79,0
5,76.85,4.11,199.73,2
53.60,68.01
1,50.78,15.16,70.59,0
2,47.22,12.45,219.25,2
3,90.97,12.07,1.91,2
4,70.04,84.71,171.79,0
5,76.85,4.11,199.73,2
53.60,68.01
1,50.78,15.16,70.59,0
2,36.72,74.96,254.36,2
3,90.97,12.07,1.91,2
4,70.04,84.71,171.79,0
5,76.85,4.11,199.73,2
53.60,68.01
1,50.78,15.16,70.59,0
2,36.72,74.96,254.36,2
3,5.10,89.51,302.06,2
4,70.04,84.71,171.79,0
5,76.85,4.11,199.73,2
56.65,26.53
1,50.78,15.16,70.59,0
2,36.72,74.96,254.36,2
3,5.10,89.51,302.06,2
4,61.15,74.96,227.61,1
5,76.85,4.11,199.73,2
56.65,26.53
1,50.78,15.16,70.59,0
2,36.72,74.96,254.36,2
3,5.10,89.51,302.06,2
4,61.15,74.96,227.61,1
5,50.45,20.67,147.91,2
56.65,26.53
1,94.55,32.44,21.55,0
2,36.72,74.96,254.36,2
3,5.10,89.51,302.06,2
4,61.15,74.96,227.61,1
5,50.45,20.67,147.91,2
56.65,26.53
1,94.55,32.44,21.55,0
2,28.94,62.46,238.10,2
3,5.10,89.51,302.06,2
4,61.15,74.96,227.61,1
5,50.45,20.67,147.91,2
56.65,26.53
1,94.55,32.44,21.55,0
2,28.94,62.46,238.10,2
3,0.04,53.12,262.09,2
4,61.15,74.96,227.61,1
5,50.45,20.67,147.91,2
56.65,26.53
1,94.55,32.44,21.55,0
2,28.94,62.46,238.10,2
3,0.04,53.12,262.09,2
4,53.30,76.59,168.28,1
5,50.45,20.67,147.91,2
56.65,26.53
1,94.55,32.44,21.55,0
2,28.94,62.46,238.10,2
3,0.04,53.12,262.09,2
4,53.30,76.59,168.28,1
5,36.91,14.71,203.76,2
56.65,26.53
1,95.38,33.39,48.95,0
2,28.94,62.46,238.10,2
3,0.04,53.12,262.09,2
4,53.30,76.59,168.28,1
5,36.91,14.71,203.76,2
56.65,26.53
1,95.38,33.39,48.95,0
2,39.06,34.90,290.16,2
3,0.04,53.12,262.09,2
4,53.30,76.59,168.28,1
5,36.91,14.71,203.76,2
56.65,26.53
1,95.38,33.39,48.95,0
2,39.06,34.90,290.16,2
3,1.76,48.64,290.99,2
4,53.30,76.59,168.28,1
5,36.91,14.71,203.76,2
56.65,26.53
1,95.38,33.39,48.95,0
2,39.06,34.90,290.16,2
3,1.76,48.64,290.99,2
4,26.32,68.31,197.06,1
5,36.91,14.71,203.76,2
56.65,26.53
1,95.38,33.39,48.95,0
2,39.06,34.90,290.16,2
3,1.76,48.64,290.99,2
4,26.32,68.31,197.06,1
5,36.84,14.51,250.12,2
56.65,26.53
1,34.15,50.16,23.38,0
2,39.06,34.90,290.16,2
3,1.76,48.64,290.99,2
4,26.32,68.31,197.06,1
5,36.84,14.51,250.12,2
56.65,26.53
1,34.15,50.16,23.38,0
2,47.19,27.61,318.09,2
3,1.76,48.64,290.99,2
4,26.32,68.31,197.06,1
5,36.84,14.51,250.12,2
56.65,26.53
1,34.15,50.16,23.38,0
2,47.19,27.61,318.09,2
3,7.31,46.02,334.78,2
4,26.32,68.31,197.06,1
5,36.84,14.51,250.12,2
56.65,26.53
1,34.15,50.16,23.38,0
2,47.19,27.61,318.09,2
3,7.31,46.02,334.78,2
4,12.19,43.77,240.06,1
5,36.84,14.51,250.12,2
56.65,26.53
1,34.15,50.16,23.38,0
2,47.19,27.61,318.09,2
3,7.31,46.02,334.78,2
4,12.19,43.77,240.06,1
5,52.47,76.73,292.48,2
56.65,26.53
1,40.04,53.79,31.65,0
2,47.19,27.61,318.09,2
3,7.31,46.02,334.78,2
4,12.19,43.77,240.06,1
5,52.47,76.73,292.48,2
56.65,26.53
1,40.04,53.79,31.65,0
2,62.35,15.46,321.31,2
3,7.31,46.02,334.78,2
4,12.19,43.77,240.06,1
5,52.47,76.73,292.48,2
56.65,26.53
1,40.04,53.79,31.65,0
2,62.35,15.46,321.31,2
3,29.68,16.00,306.68,2
4,12.19,43.77,240.06,1
5,52.47,76.73,292.48,2
56.65,26.53
1,40.04,53.79,31.65,0
2,62.35,15.46,321.31,2
3,29.68,16.00,306.68,2
4,21.96,99.27,282.39,1
5,52.47,76.73,292.48,2
56.65,26.53
1,40.04,53.79,31.65,0
2,62.35,15.46,321.31,2
3,29.68,16.00,306.68,2
4,21.96,99.27,282.39,1
5,60.14,74.22,341.91,2
56.65,26.53
1,78.26,57.24,5.16,0
2,62.35,15.46,321.31,2
3,29.68,16.00,306.68,2
4,21.96,99.27,282.39,1
5,60.14,74.22,341.91,2
56.65,26.53
1,78.26,57.24,5.16,0
2,78.69,20.02,15.58,2
3,29.68,16.00,306.68,2
4,21.96,99.27,282.39,1
5,60.14,74.22,341.91,2
56.65,26.53
1,78.26,57.24,5.16,0
2,78.69,20.02,15.58,2
3,26.70,6.91,251.85,2
4,21.96,99.27,282.39,1
5,60.14,74.22,341.91,2
56.65,26.53
1,78.26,57.24,5.16,0
2,78.69,20.02,15.58,2
3,26.70,6.91,251.85,2
4,54.14,70.00,317.71,1
5,60.14,74.22,341.91,2
56.65,26.53
1,78.26,57.24,5.16,0
2,78.69,20.02,15.58,2
3,26.70,6.91,251.85,2
4,54.14,70.00,317.71,1
5,6.31,67.24,351.39,2
56.65,26.53
1,26.04,48.26,349.35,0
2,78.69,20.02,15.58,2
3,26.70,6.91,251.85,2
4,54.14,70.00,317.71,1
5,6.31,67.24,351.39,2
56.65,26.53
1,26.04,48.26,349.35,0
2,90.21,39.68,59.64,2
3,26.70,6.91,251.85,2
4,54.14,70.00,317.71,1
5,6.31,67.24,351.39,2
56.65,26.53
1,26.04,48.26,349.35,0
2,90.21,39.68,59.64,2
3,23.43,4.14,220.30,2
4,54.14,70.00,317.71,1
5,6.31,67.24,351.39,2
56.65,26.53
1,26.04,48.26,349.35,0
2,90.21,39.68,59.64,2
3,23.43,4.14,220.30,2
4,70.31,68.99,356.42,1
5,6.31,67.24,351.39,2
56.65,26.53
1,26.04,48.26,349.35,0
2,90.21,39.68,59.64,2
3,23.43,4.14,220.30,2
4,70.31,68.99,356.42,1
5,12.23,57.75,301.97,2
56.65,26.53
1,31.23,53.06,42.78,0
2,90.21,39.68,59.64,2
3,23.43,4.14,220.30,2
4,70.31,68.99,356.42,1
5,12.23,57.75,301.97,2
56.65,26.53
1,31.23,53.06,42.78,0
2,19.12,58.95,33.68,2
3,23.43,4.14,220.30,2
4,70.31,68.99,356.42,1
5,12.23,57.75,301.97,2
56.65,26.53
1,31.23,53.06,42.78,0
2,19.12,58.95,33.68,2
3,76.77,93.21,193.18,2
4,70.31,68.99,356.42,1
5,12.23,57.75,301.97,2
56.65,26.53
1,31.23,53.06,42.78,0
2,19.12,58.95,33.68,2
3,76.77,93.21,193.18,2
4,84.61,81.83,41.92,1
5,12.23,57.75,301.97,2
Drone id 5: I am a winner
